#ix   iy   Sz   Sx   Sy   Theta[ix][iy]     Phi[ix][iy]
0  0  1  0  0  0  0  1  0
0  1  1  0  0  0  0  1  0
0  2  1  0  0  0  0  1  0
0  3  1  0  0  0  0  1  0
0  4  1  0  0  0  0  1  0
0  5  1  0  0  0  0  1  0
0  6  0.498952  0.163792  -0.85101  1.04841  4.90253  0.188999  -0.981977
0  7  0.44978  0.354907  -0.819597  1.10428  5.12104  0.397371  -0.917658
0  8  0.44978  0.53235  -0.717148  1.10428  5.35095  0.596043  -0.802952
0  9  0.498952  0.655109  -0.567344  1.04841  5.56946  0.755927  -0.654655
0  10  1  0  0  0  0  1  0
0  11  1  0  0  0  0  1  0
0  12  1  0  0  0  0  1  0
0  13  1  0  0  0  0  1  0
0  14  1  0  0  0  0  1  0
0  15  1  0  0  0  0  1  0
0  16  1  0  0  0  0  1  0
0  17  0.498952  0.163792  -0.85101  1.04841  4.90253  0.188999  -0.981977
0  18  0.44978  0.354907  -0.819597  1.10428  5.12104  0.397371  -0.917658
0  19  0.44978  0.53235  -0.717148  1.10428  5.35095  0.596043  -0.802952
0  20  0.498952  0.655109  -0.567344  1.04841  5.56946  0.755927  -0.654655
0  21  1  0  0  0  0  1  0
0  22  1  0  0  0  0  1  0
0  23  1  0  0  0  0  1  0
0  24  1  0  0  0  0  1  0
0  25  1  0  0  0  0  1  0
0  26  1  0  0  0  0  1  0
0  27  1  0  0  0  0  1  0
0  28  0.498952  0.163792  -0.85101  1.04841  4.90253  0.188999  -0.981977
0  29  0.44978  0.354907  -0.819597  1.10428  5.12104  0.397371  -0.917658
0  30  0.44978  0.53235  -0.717148  1.10428  5.35095  0.596043  -0.802952
0  31  0.498952  0.655109  -0.567344  1.04841  5.56946  0.755927  -0.654655
0  32  1  0  0  0  0  1  0

1  0  1  0  0  0  0  1  0
1  1  1  0  0  0  0  1  0
1  2  1  0  0  0  0  1  0
1  3  1  0  0  0  0  1  0
1  4  0.498952  -0.163792  -0.85101  1.04841  4.52225  -0.188999  -0.981977
1  5  0.361157  -2.3312e-05  -0.932505  1.20129  4.71236  -2.49994e-05  -1
1  6  0.248824  0.232657  -0.94019  1.31933  4.95497  0.240212  -0.97072
1  7  0.204538  0.489438  -0.847711  1.36481  5.236  0.500009  -0.86602
1  8  0.248824  0.697913  -0.671568  1.31933  5.51702  0.720576  -0.693376
1  9  0.361157  0.807569  -0.46626  1.20129  5.75958  0.866021  -0.500008
1  10  0.498952  0.818884  -0.283682  1.04841  5.9497  0.944907  -0.32734
1  11  1  0  0  0  0  1  0
1  12  1  0  0  0  0  1  0
1  13  1  0  0  0  0  1  0
1  14  1  0  0  0  0  1  0
1  15  0.498952  -0.163792  -0.85101  1.04841  4.52225  -0.188999  -0.981977
1  16  0.361157  -2.3312e-05  -0.932505  1.20129  4.71236  -2.49994e-05  -1
1  17  0.248824  0.232657  -0.94019  1.31933  4.95497  0.240212  -0.97072
1  18  0.204538  0.489438  -0.847711  1.36481  5.236  0.500009  -0.86602
1  19  0.248824  0.697913  -0.671568  1.31933  5.51702  0.720576  -0.693376
1  20  0.361157  0.807569  -0.46626  1.20129  5.75958  0.866021  -0.500008
1  21  0.498952  0.818884  -0.283682  1.04841  5.9497  0.944907  -0.32734
1  22  1  0  0  0  0  1  0
1  23  1  0  0  0  0  1  0
1  24  1  0  0  0  0  1  0
1  25  1  0  0  0  0  1  0
1  26  0.498952  -0.163792  -0.85101  1.04841  4.52225  -0.188999  -0.981977
1  27  0.361157  -2.3312e-05  -0.932505  1.20129  4.71236  -2.49994e-05  -1
1  28  0.248824  0.232657  -0.94019  1.31933  4.95497  0.240212  -0.97072
1  29  0.204538  0.489438  -0.847711  1.36481  5.236  0.500009  -0.86602
1  30  0.248824  0.697913  -0.671568  1.31933  5.51702  0.720576  -0.693376
1  31  0.361157  0.807569  -0.46626  1.20129  5.75958  0.866021  -0.500008
1  32  0.498952  0.818884  -0.283682  1.04841  5.9497  0.944907  -0.32734

2  0  1  0  0  0  0  1  0
2  1  1  0  0  0  0  1  0
2  2  1  0  0  0  0  1  0
2  3  0.44978  -0.354907  -0.819597  1.10428  4.30374  -0.397371  -0.917658
2  4  0.248824  -0.232657  -0.94019  1.31933  4.4698  -0.240212  -0.97072
2  5  0.0441381  -3.32997e-05  -0.999025  1.52664  4.71236  -3.33322e-05  -1
2  6  -0.093233  0.325923  -0.940788  1.66416  5.04589  0.327349  -0.944904
2  7  -0.093233  0.651805  -0.752634  1.66416  5.42612  0.654657  -0.755926
2  8  0.0441381  0.865175  -0.499523  1.52664  5.75957  0.866019  -0.500011
2  9  0.248824  0.930546  -0.268645  1.31933  6.00213  0.960764  -0.277368
2  10  0.44978  0.887242  -0.102468  1.10428  6.1682  0.993397  -0.114728
2  11  1  0  0  0  0  1  0
2  12  1  0  0  0  0  1  0
2  13  1  0  0  0  0  1  0
2  14  0.44978  -0.354907  -0.819597  1.10428  4.30374  -0.397371  -0.917658
2  15  0.248824  -0.232657  -0.94019  1.31933  4.4698  -0.240212  -0.97072
2  16  0.0441381  -3.32997e-05  -0.999025  1.52664  4.71236  -3.33322e-05  -1
2  17  -0.093233  0.325923  -0.940788  1.66416  5.04589  0.327349  -0.944904
2  18  -0.093233  0.651805  -0.752634  1.66416  5.42612  0.654657  -0.755926
2  19  0.0441381  0.865175  -0.499523  1.52664  5.75957  0.866019  -0.500011
2  20  0.248824  0.930546  -0.268645  1.31933  6.00213  0.960764  -0.277368
2  21  0.44978  0.887242  -0.102468  1.10428  6.1682  0.993397  -0.114728
2  22  1  0  0  0  0  1  0
2  23  1  0  0  0  0  1  0
2  24  1  0  0  0  0  1  0
2  25  0.44978  -0.354907  -0.819597  1.10428  4.30374  -0.397371  -0.917658
2  26  0.248824  -0.232657  -0.94019  1.31933  4.4698  -0.240212  -0.97072
2  27  0.0441381  -3.32997e-05  -0.999025  1.52664  4.71236  -3.33322e-05  -1
2  28  -0.093233  0.325923  -0.940788  1.66416  5.04589  0.327349  -0.944904
2  29  -0.093233  0.651805  -0.752634  1.66416  5.42612  0.654657  -0.755926
2  30  0.0441381  0.865175  -0.499523  1.52664  5.75957  0.866019  -0.500011
2  31  0.248824  0.930546  -0.268645  1.31933  6.00213  0.960764  -0.277368
2  32  0.44978  0.887242  -0.102468  1.10428  6.1682  0.993397  -0.114728

3  0  1  0  0  0  0  1  0
3  1  1  0  0  0  0  1  0
3  2  0.44978  -0.53235  -0.717148  1.10428  4.07382  -0.596043  -0.802952
3  3  0.204538  -0.489438  -0.847711  1.36481  4.18878  -0.500009  -0.86602
3  4  -0.093233  -0.325923  -0.940788  1.66416  4.37889  -0.327349  -0.944904
3  5  -0.369302  -4.64632e-05  -0.929309  1.94905  4.71234  -4.99975e-05  -1
3  6  -0.488435  0.436316  -0.755685  2.08109  5.23601  0.500018  -0.866015
3  7  -0.369302  0.804797  -0.464669  1.94905  5.75957  0.866016  -0.500016
3  8  -0.093233  0.977698  -0.188188  1.66416  6.09303  0.981975  -0.189012
3  9  0.204538  0.978859  -2.82564e-05  1.36481  6.28316  1  -2.88667e-05
3  10  0.44978  0.887242  -0.102468  1.10428  6.1682  0.993397  -0.114728
3  11  1  0  0  0  0  1  0
3  12  1  0  0  0  0  1  0
3  13  0.44978  -0.53235  -0.717148  1.10428  4.07382  -0.596043  -0.802952
3  14  0.204538  -0.489438  -0.847711  1.36481  4.18878  -0.500009  -0.86602
3  15  -0.093233  -0.325923  -0.940788  1.66416  4.37889  -0.327349  -0.944904
3  16  -0.369302  -4.64632e-05  -0.929309  1.94905  4.71234  -4.99975e-05  -1
3  17  -0.488435  0.436316  -0.755685  2.08109  5.23601  0.500018  -0.866015
3  18  -0.369302  0.804797  -0.464669  1.94905  5.75957  0.866016  -0.500016
3  19  -0.093233  0.977698  -0.188188  1.66416  6.09303  0.981975  -0.189012
3  20  0.204538  0.978859  -2.82564e-05  1.36481  6.28316  1  -2.88667e-05
3  21  0.44978  0.887242  -0.102468  1.10428  6.1682  0.993397  -0.114728
3  22  1  0  0  0  0  1  0
3  23  1  0  0  0  0  1  0
3  24  0.44978  -0.53235  -0.717148  1.10428  4.07382  -0.596043  -0.802952
3  25  0.204538  -0.489438  -0.847711  1.36481  4.18878  -0.500009  -0.86602
3  26  -0.093233  -0.325923  -0.940788  1.66416  4.37889  -0.327349  -0.944904
3  27  -0.369302  -4.64632e-05  -0.929309  1.94905  4.71234  -4.99975e-05  -1
3  28  -0.488435  0.436316  -0.755685  2.08109  5.23601  0.500018  -0.866015
3  29  -0.369302  0.804797  -0.464669  1.94905  5.75957  0.866016  -0.500016
3  30  -0.093233  0.977698  -0.188188  1.66416  6.09303  0.981975  -0.189012
3  31  0.204538  0.978859  -2.82564e-05  1.36481  6.28316  1  -2.88667e-05
3  32  0.44978  0.887242  -0.102468  1.10428  6.1682  0.993397  -0.114728

4  0  1  0  0  0  0  1  0
4  1  0.498952  -0.655109  -0.567344  1.04841  3.85532  -0.755927  -0.654655
4  2  0.248824  -0.697913  -0.671568  1.31933  3.90776  -0.720576  -0.693376
4  3  -0.093233  -0.651805  -0.752634  1.66416  3.99866  -0.654657  -0.755926
4  4  -0.488435  -0.436316  -0.755685  2.08109  4.18877  -0.500018  -0.866015
4  5  -0.792326  -6.10037e-05  -0.610098  2.48541  4.71229  -9.999e-05  -1
4  6  -0.792326  0.528349  -0.305068  2.48541  5.75955  0.866007  -0.500032
4  7  -0.488435  0.8726  -5.03767e-05  2.08109  6.28313  1  -5.77317e-05
4  8  -0.093233  0.977698  -0.188188  1.66416  6.09303  0.981975  -0.189012
4  9  0.248824  0.930546  -0.268645  1.31933  6.00213  0.960764  -0.277368
4  10  0.498952  0.818884  -0.283682  1.04841  5.9497  0.944907  -0.32734
4  11  1  0  0  0  0  1  0
4  12  0.498952  -0.655109  -0.567344  1.04841  3.85532  -0.755927  -0.654655
4  13  0.248824  -0.697913  -0.671568  1.31933  3.90776  -0.720576  -0.693376
4  14  -0.093233  -0.651805  -0.752634  1.66416  3.99866  -0.654657  -0.755926
4  15  -0.488435  -0.436316  -0.755685  2.08109  4.18877  -0.500018  -0.866015
4  16  -0.792326  -6.10037e-05  -0.610098  2.48541  4.71229  -9.999e-05  -1
4  17  -0.792326  0.528349  -0.305068  2.48541  5.75955  0.866007  -0.500032
4  18  -0.488435  0.8726  -5.03767e-05  2.08109  6.28313  1  -5.77317e-05
4  19  -0.093233  0.977698  -0.188188  1.66416  6.09303  0.981975  -0.189012
4  20  0.248824  0.930546  -0.268645  1.31933  6.00213  0.960764  -0.277368
4  21  0.498952  0.818884  -0.283682  1.04841  5.9497  0.944907  -0.32734
4  22  1  0  0  0  0  1  0
4  23  0.498952  -0.655109  -0.567344  1.04841  3.85532  -0.755927  -0.654655
4  24  0.248824  -0.697913  -0.671568  1.31933  3.90776  -0.720576  -0.693376
4  25  -0.093233  -0.651805  -0.752634  1.66416  3.99866  -0.654657  -0.755926
4  26  -0.488435  -0.436316  -0.755685  2.08109  4.18877  -0.500018  -0.866015
4  27  -0.792326  -6.10037e-05  -0.610098  2.48541  4.71229  -9.999e-05  -1
4  28  -0.792326  0.528349  -0.305068  2.48541  5.75955  0.866007  -0.500032
4  29  -0.488435  0.8726  -5.03767e-05  2.08109  6.28313  1  -5.77317e-05
4  30  -0.093233  0.977698  -0.188188  1.66416  6.09303  0.981975  -0.189012
4  31  0.248824  0.930546  -0.268645  1.31933  6.00213  0.960764  -0.277368
4  32  0.498952  0.818884  -0.283682  1.04841  5.9497  0.944907  -0.32734

5  0  1  0  0  0  0  1  0
5  1  0.361157  -0.807569  0.46626  1.20129  2.61798  -0.866021  0.500008
5  2  0.0441381  -0.865175  0.499523  1.52664  2.61798  -0.866019  0.500011
5  3  -0.369302  -0.804797  0.464669  1.94905  2.61798  -0.866016  0.500016
5  4  -0.792326  -0.528349  0.305068  2.48541  2.61796  -0.866007  0.500032
5  5  -1  8.65956e-17  8.65956e-17  3.14159  0.785398  0.707107  0.707107
5  6  -0.792326  0.528349  0.305068  2.48541  0.523635  0.866007  0.500032
5  7  -0.369302  0.804797  0.464669  1.94905  0.523617  0.866016  0.500016
5  8  0.0441381  0.865175  0.499523  1.52664  0.523611  0.866019  0.500011
5  9  0.361157  0.807569  0.46626  1.20129  0.523608  0.866021  0.500008
5  10  1  0  0  0  0  1  0
5  11  1  0  0  0  0  1  0
5  12  0.361157  -0.807569  0.46626  1.20129  2.61798  -0.866021  0.500008
5  13  0.0441381  -0.865175  0.499523  1.52664  2.61798  -0.866019  0.500011
5  14  -0.369302  -0.804797  0.464669  1.94905  2.61798  -0.866016  0.500016
5  15  -0.792326  -0.528349  0.305068  2.48541  2.61796  -0.866007  0.500032
5  16  -1  8.65956e-17  8.65956e-17  3.14159  0.785398  0.707107  0.707107
5  17  -0.792326  0.528349  0.305068  2.48541  0.523635  0.866007  0.500032
5  18  -0.369302  0.804797  0.464669  1.94905  0.523617  0.866016  0.500016
5  19  0.0441381  0.865175  0.499523  1.52664  0.523611  0.866019  0.500011
5  20  0.361157  0.807569  0.46626  1.20129  0.523608  0.866021  0.500008
5  21  1  0  0  0  0  1  0
5  22  1  0  0  0  0  1  0
5  23  0.361157  -0.807569  0.46626  1.20129  2.61798  -0.866021  0.500008
5  24  0.0441381  -0.865175  0.499523  1.52664  2.61798  -0.866019  0.500011
5  25  -0.369302  -0.804797  0.464669  1.94905  2.61798  -0.866016  0.500016
5  26  -0.792326  -0.528349  0.305068  2.48541  2.61796  -0.866007  0.500032
5  27  -1  8.65956e-17  8.65956e-17  3.14159  0.785398  0.707107  0.707107
5  28  -0.792326  0.528349  0.305068  2.48541  0.523635  0.866007  0.500032
5  29  -0.369302  0.804797  0.464669  1.94905  0.523617  0.866016  0.500016
5  30  0.0441381  0.865175  0.499523  1.52664  0.523611  0.866019  0.500011
5  31  0.361157  0.807569  0.46626  1.20129  0.523608  0.866021  0.500008
5  32  1  0  0  0  0  1  0

6  0  0.498952  -0.818884  0.283682  1.04841  2.80811  -0.944907  0.32734
6  1  0.248824  -0.930546  0.268645  1.31933  2.86054  -0.960764  0.277368
6  2  -0.093233  -0.977698  0.188188  1.66416  2.95144  -0.981975  0.189012
6  3  -0.488435  -0.8726  5.03767e-05  2.08109  3.14153  -1  5.77317e-05
6  4  -0.792326  -0.528349  0.305068  2.48541  2.61796  -0.866007  0.500032
6  5  -0.792326  6.10037e-05  0.610098  2.48541  1.5707  9.999e-05  1
6  6  -0.488435  0.436316  0.755685  2.08109  1.04718  0.500018  0.866015
6  7  -0.093233  0.651805  0.752634  1.66416  0.857068  0.654657  0.755926
6  8  0.248824  0.697913  0.671568  1.31933  0.766163  0.720576  0.693376
6  9  0.498952  0.655109  0.567344  1.04841  0.713727  0.755927  0.654655
6  10  1  0  0  0  0  1  0
6  11  0.498952  -0.818884  0.283682  1.04841  2.80811  -0.944907  0.32734
6  12  0.248824  -0.930546  0.268645  1.31933  2.86054  -0.960764  0.277368
6  13  -0.093233  -0.977698  0.188188  1.66416  2.95144  -0.981975  0.189012
6  14  -0.488435  -0.8726  5.03767e-05  2.08109  3.14153  -1  5.77317e-05
6  15  -0.792326  -0.528349  0.305068  2.48541  2.61796  -0.866007  0.500032
6  16  -0.792326  6.10037e-05  0.610098  2.48541  1.5707  9.999e-05  1
6  17  -0.488435  0.436316  0.755685  2.08109  1.04718  0.500018  0.866015
6  18  -0.093233  0.651805  0.752634  1.66416  0.857068  0.654657  0.755926
6  19  0.248824  0.697913  0.671568  1.31933  0.766163  0.720576  0.693376
6  20  0.498952  0.655109  0.567344  1.04841  0.713727  0.755927  0.654655
6  21  1  0  0  0  0  1  0
6  22  0.498952  -0.818884  0.283682  1.04841  2.80811  -0.944907  0.32734
6  23  0.248824  -0.930546  0.268645  1.31933  2.86054  -0.960764  0.277368
6  24  -0.093233  -0.977698  0.188188  1.66416  2.95144  -0.981975  0.189012
6  25  -0.488435  -0.8726  5.03767e-05  2.08109  3.14153  -1  5.77317e-05
6  26  -0.792326  -0.528349  0.305068  2.48541  2.61796  -0.866007  0.500032
6  27  -0.792326  6.10037e-05  0.610098  2.48541  1.5707  9.999e-05  1
6  28  -0.488435  0.436316  0.755685  2.08109  1.04718  0.500018  0.866015
6  29  -0.093233  0.651805  0.752634  1.66416  0.857068  0.654657  0.755926
6  30  0.248824  0.697913  0.671568  1.31933  0.766163  0.720576  0.693376
6  31  0.498952  0.655109  0.567344  1.04841  0.713727  0.755927  0.654655
6  32  1  0  0  0  0  1  0

7  0  0.44978  -0.887242  0.102468  1.10428  3.02661  -0.993397  0.114728
7  1  0.204538  -0.978859  2.82564e-05  1.36481  3.14156  -1  2.88667e-05
7  2  -0.093233  -0.977698  0.188188  1.66416  2.95144  -0.981975  0.189012
7  3  -0.369302  -0.804797  0.464669  1.94905  2.61798  -0.866016  0.500016
7  4  -0.488435  -0.436316  0.755685  2.08109  2.09442  -0.500018  0.866015
7  5  -0.369302  4.64632e-05  0.929309  1.94905  1.57075  4.99975e-05  1
7  6  -0.093233  0.325923  0.940788  1.66416  1.2373  0.327349  0.944904
7  7  0.204538  0.489438  0.847711  1.36481  1.04719  0.500009  0.86602
7  8  0.44978  0.53235  0.717148  1.10428  0.932232  0.596043  0.802952
7  9  1  0  0  0  0  1  0
7  10  1  0  0  0  0  1  0
7  11  0.44978  -0.887242  0.102468  1.10428  3.02661  -0.993397  0.114728
7  12  0.204538  -0.978859  2.82564e-05  1.36481  3.14156  -1  2.88667e-05
7  13  -0.093233  -0.977698  0.188188  1.66416  2.95144  -0.981975  0.189012
7  14  -0.369302  -0.804797  0.464669  1.94905  2.61798  -0.866016  0.500016
7  15  -0.488435  -0.436316  0.755685  2.08109  2.09442  -0.500018  0.866015
7  16  -0.369302  4.64632e-05  0.929309  1.94905  1.57075  4.99975e-05  1
7  17  -0.093233  0.325923  0.940788  1.66416  1.2373  0.327349  0.944904
7  18  0.204538  0.489438  0.847711  1.36481  1.04719  0.500009  0.86602
7  19  0.44978  0.53235  0.717148  1.10428  0.932232  0.596043  0.802952
7  20  1  0  0  0  0  1  0
7  21  1  0  0  0  0  1  0
7  22  0.44978  -0.887242  0.102468  1.10428  3.02661  -0.993397  0.114728
7  23  0.204538  -0.978859  2.82564e-05  1.36481  3.14156  -1  2.88667e-05
7  24  -0.093233  -0.977698  0.188188  1.66416  2.95144  -0.981975  0.189012
7  25  -0.369302  -0.804797  0.464669  1.94905  2.61798  -0.866016  0.500016
7  26  -0.488435  -0.436316  0.755685  2.08109  2.09442  -0.500018  0.866015
7  27  -0.369302  4.64632e-05  0.929309  1.94905  1.57075  4.99975e-05  1
7  28  -0.093233  0.325923  0.940788  1.66416  1.2373  0.327349  0.944904
7  29  0.204538  0.489438  0.847711  1.36481  1.04719  0.500009  0.86602
7  30  0.44978  0.53235  0.717148  1.10428  0.932232  0.596043  0.802952
7  31  1  0  0  0  0  1  0
7  32  1  0  0  0  0  1  0

8  0  0.44978  -0.887242  0.102468  1.10428  3.02661  -0.993397  0.114728
8  1  0.248824  -0.930546  0.268645  1.31933  2.86054  -0.960764  0.277368
8  2  0.0441381  -0.865175  0.499523  1.52664  2.61798  -0.866019  0.500011
8  3  -0.093233  -0.651805  0.752634  1.66416  2.28452  -0.654657  0.755926
8  4  -0.093233  -0.325923  0.940788  1.66416  1.90429  -0.327349  0.944904
8  5  0.0441381  3.32997e-05  0.999025  1.52664  1.57076  3.33322e-05  1
8  6  0.248824  0.232657  0.94019  1.31933  1.32821  0.240212  0.97072
8  7  0.44978  0.354907  0.819597  1.10428  1.16215  0.397371  0.917658
8  8  1  0  0  0  0  1  0
8  9  1  0  0  0  0  1  0
8  10  1  0  0  0  0  1  0
8  11  0.44978  -0.887242  0.102468  1.10428  3.02661  -0.993397  0.114728
8  12  0.248824  -0.930546  0.268645  1.31933  2.86054  -0.960764  0.277368
8  13  0.0441381  -0.865175  0.499523  1.52664  2.61798  -0.866019  0.500011
8  14  -0.093233  -0.651805  0.752634  1.66416  2.28452  -0.654657  0.755926
8  15  -0.093233  -0.325923  0.940788  1.66416  1.90429  -0.327349  0.944904
8  16  0.0441381  3.32997e-05  0.999025  1.52664  1.57076  3.33322e-05  1
8  17  0.248824  0.232657  0.94019  1.31933  1.32821  0.240212  0.97072
8  18  0.44978  0.354907  0.819597  1.10428  1.16215  0.397371  0.917658
8  19  1  0  0  0  0  1  0
8  20  1  0  0  0  0  1  0
8  21  1  0  0  0  0  1  0
8  22  0.44978  -0.887242  0.102468  1.10428  3.02661  -0.993397  0.114728
8  23  0.248824  -0.930546  0.268645  1.31933  2.86054  -0.960764  0.277368
8  24  0.0441381  -0.865175  0.499523  1.52664  2.61798  -0.866019  0.500011
8  25  -0.093233  -0.651805  0.752634  1.66416  2.28452  -0.654657  0.755926
8  26  -0.093233  -0.325923  0.940788  1.66416  1.90429  -0.327349  0.944904
8  27  0.0441381  3.32997e-05  0.999025  1.52664  1.57076  3.33322e-05  1
8  28  0.248824  0.232657  0.94019  1.31933  1.32821  0.240212  0.97072
8  29  0.44978  0.354907  0.819597  1.10428  1.16215  0.397371  0.917658
8  30  1  0  0  0  0  1  0
8  31  1  0  0  0  0  1  0
8  32  1  0  0  0  0  1  0

9  0  0.498952  -0.818884  0.283682  1.04841  2.80811  -0.944907  0.32734
9  1  0.361157  -0.807569  0.46626  1.20129  2.61798  -0.866021  0.500008
9  2  0.248824  -0.697913  0.671568  1.31933  2.37543  -0.720576  0.693376
9  3  0.204538  -0.489438  0.847711  1.36481  2.09441  -0.500009  0.86602
9  4  0.248824  -0.232657  0.94019  1.31933  1.81338  -0.240212  0.97072
9  5  0.361157  2.3312e-05  0.932505  1.20129  1.57077  2.49994e-05  1
9  6  0.498952  0.163792  0.85101  1.04841  1.38065  0.188999  0.981977
9  7  1  0  0  0  0  1  0
9  8  1  0  0  0  0  1  0
9  9  1  0  0  0  0  1  0
9  10  1  0  0  0  0  1  0
9  11  0.498952  -0.818884  0.283682  1.04841  2.80811  -0.944907  0.32734
9  12  0.361157  -0.807569  0.46626  1.20129  2.61798  -0.866021  0.500008
9  13  0.248824  -0.697913  0.671568  1.31933  2.37543  -0.720576  0.693376
9  14  0.204538  -0.489438  0.847711  1.36481  2.09441  -0.500009  0.86602
9  15  0.248824  -0.232657  0.94019  1.31933  1.81338  -0.240212  0.97072
9  16  0.361157  2.3312e-05  0.932505  1.20129  1.57077  2.49994e-05  1
9  17  0.498952  0.163792  0.85101  1.04841  1.38065  0.188999  0.981977
9  18  1  0  0  0  0  1  0
9  19  1  0  0  0  0  1  0
9  20  1  0  0  0  0  1  0
9  21  1  0  0  0  0  1  0
9  22  0.498952  -0.818884  0.283682  1.04841  2.80811  -0.944907  0.32734
9  23  0.361157  -0.807569  0.46626  1.20129  2.61798  -0.866021  0.500008
9  24  0.248824  -0.697913  0.671568  1.31933  2.37543  -0.720576  0.693376
9  25  0.204538  -0.489438  0.847711  1.36481  2.09441  -0.500009  0.86602
9  26  0.248824  -0.232657  0.94019  1.31933  1.81338  -0.240212  0.97072
9  27  0.361157  2.3312e-05  0.932505  1.20129  1.57077  2.49994e-05  1
9  28  0.498952  0.163792  0.85101  1.04841  1.38065  0.188999  0.981977
9  29  1  0  0  0  0  1  0
9  30  1  0  0  0  0  1  0
9  31  1  0  0  0  0  1  0
9  32  1  0  0  0  0  1  0

10  0  1  0  0  0  0  1  0
10  1  0.498952  -0.655109  0.567344  1.04841  2.42787  -0.755927  0.654655
10  2  0.44978  -0.53235  0.717148  1.10428  2.20936  -0.596043  0.802952
10  3  0.44978  -0.354907  0.819597  1.10428  1.97945  -0.397371  0.917658
10  4  0.498952  -0.163792  0.85101  1.04841  1.76094  -0.188999  0.981977
10  5  1  0  0  0  0  1  0
10  6  1  0  0  0  0  1  0
10  7  1  0  0  0  0  1  0
10  8  1  0  0  0  0  1  0
10  9  1  0  0  0  0  1  0
10  10  1  0  0  0  0  1  0
10  11  1  0  0  0  0  1  0
10  12  0.498952  -0.655109  0.567344  1.04841  2.42787  -0.755927  0.654655
10  13  0.44978  -0.53235  0.717148  1.10428  2.20936  -0.596043  0.802952
10  14  0.44978  -0.354907  0.819597  1.10428  1.97945  -0.397371  0.917658
10  15  0.498952  -0.163792  0.85101  1.04841  1.76094  -0.188999  0.981977
10  16  1  0  0  0  0  1  0
10  17  1  0  0  0  0  1  0
10  18  1  0  0  0  0  1  0
10  19  1  0  0  0  0  1  0
10  20  1  0  0  0  0  1  0
10  21  1  0  0  0  0  1  0
10  22  1  0  0  0  0  1  0
10  23  0.498952  -0.655109  0.567344  1.04841  2.42787  -0.755927  0.654655
10  24  0.44978  -0.53235  0.717148  1.10428  2.20936  -0.596043  0.802952
10  25  0.44978  -0.354907  0.819597  1.10428  1.97945  -0.397371  0.917658
10  26  0.498952  -0.163792  0.85101  1.04841  1.76094  -0.188999  0.981977
10  27  1  0  0  0  0  1  0
10  28  1  0  0  0  0  1  0
10  29  1  0  0  0  0  1  0
10  30  1  0  0  0  0  1  0
10  31  1  0  0  0  0  1  0
10  32  1  0  0  0  0  1  0

11  0  1  0  0  0  0  1  0
11  1  1  0  0  0  0  1  0
11  2  1  0  0  0  0  1  0
11  3  1  0  0  0  0  1  0
11  4  1  0  0  0  0  1  0
11  5  1  0  0  0  0  1  0
11  6  0.498952  0.163792  -0.85101  1.04841  4.90253  0.188999  -0.981977
11  7  0.44978  0.354907  -0.819597  1.10428  5.12104  0.397371  -0.917658
11  8  0.44978  0.53235  -0.717148  1.10428  5.35095  0.596043  -0.802952
11  9  0.498952  0.655109  -0.567344  1.04841  5.56946  0.755927  -0.654655
11  10  1  0  0  0  0  1  0
11  11  1  0  0  0  0  1  0
11  12  1  0  0  0  0  1  0
11  13  1  0  0  0  0  1  0
11  14  1  0  0  0  0  1  0
11  15  1  0  0  0  0  1  0
11  16  1  0  0  0  0  1  0
11  17  0.498952  0.163792  -0.85101  1.04841  4.90253  0.188999  -0.981977
11  18  0.44978  0.354907  -0.819597  1.10428  5.12104  0.397371  -0.917658
11  19  0.44978  0.53235  -0.717148  1.10428  5.35095  0.596043  -0.802952
11  20  0.498952  0.655109  -0.567344  1.04841  5.56946  0.755927  -0.654655
11  21  1  0  0  0  0  1  0
11  22  1  0  0  0  0  1  0
11  23  1  0  0  0  0  1  0
11  24  1  0  0  0  0  1  0
11  25  1  0  0  0  0  1  0
11  26  1  0  0  0  0  1  0
11  27  1  0  0  0  0  1  0
11  28  0.498952  0.163792  -0.85101  1.04841  4.90253  0.188999  -0.981977
11  29  0.44978  0.354907  -0.819597  1.10428  5.12104  0.397371  -0.917658
11  30  0.44978  0.53235  -0.717148  1.10428  5.35095  0.596043  -0.802952
11  31  0.498952  0.655109  -0.567344  1.04841  5.56946  0.755927  -0.654655
11  32  1  0  0  0  0  1  0

12  0  1  0  0  0  0  1  0
12  1  1  0  0  0  0  1  0
12  2  1  0  0  0  0  1  0
12  3  1  0  0  0  0  1  0
12  4  0.498952  -0.163792  -0.85101  1.04841  4.52225  -0.188999  -0.981977
12  5  0.361157  -2.3312e-05  -0.932505  1.20129  4.71236  -2.49994e-05  -1
12  6  0.248824  0.232657  -0.94019  1.31933  4.95497  0.240212  -0.97072
12  7  0.204538  0.489438  -0.847711  1.36481  5.236  0.500009  -0.86602
12  8  0.248824  0.697913  -0.671568  1.31933  5.51702  0.720576  -0.693376
12  9  0.361157  0.807569  -0.46626  1.20129  5.75958  0.866021  -0.500008
12  10  0.498952  0.818884  -0.283682  1.04841  5.9497  0.944907  -0.32734
12  11  1  0  0  0  0  1  0
12  12  1  0  0  0  0  1  0
12  13  1  0  0  0  0  1  0
12  14  1  0  0  0  0  1  0
12  15  0.498952  -0.163792  -0.85101  1.04841  4.52225  -0.188999  -0.981977
12  16  0.361157  -2.3312e-05  -0.932505  1.20129  4.71236  -2.49994e-05  -1
12  17  0.248824  0.232657  -0.94019  1.31933  4.95497  0.240212  -0.97072
12  18  0.204538  0.489438  -0.847711  1.36481  5.236  0.500009  -0.86602
12  19  0.248824  0.697913  -0.671568  1.31933  5.51702  0.720576  -0.693376
12  20  0.361157  0.807569  -0.46626  1.20129  5.75958  0.866021  -0.500008
12  21  0.498952  0.818884  -0.283682  1.04841  5.9497  0.944907  -0.32734
12  22  1  0  0  0  0  1  0
12  23  1  0  0  0  0  1  0
12  24  1  0  0  0  0  1  0
12  25  1  0  0  0  0  1  0
12  26  0.498952  -0.163792  -0.85101  1.04841  4.52225  -0.188999  -0.981977
12  27  0.361157  -2.3312e-05  -0.932505  1.20129  4.71236  -2.49994e-05  -1
12  28  0.248824  0.232657  -0.94019  1.31933  4.95497  0.240212  -0.97072
12  29  0.204538  0.489438  -0.847711  1.36481  5.236  0.500009  -0.86602
12  30  0.248824  0.697913  -0.671568  1.31933  5.51702  0.720576  -0.693376
12  31  0.361157  0.807569  -0.46626  1.20129  5.75958  0.866021  -0.500008
12  32  0.498952  0.818884  -0.283682  1.04841  5.9497  0.944907  -0.32734

13  0  1  0  0  0  0  1  0
13  1  1  0  0  0  0  1  0
13  2  1  0  0  0  0  1  0
13  3  0.44978  -0.354907  -0.819597  1.10428  4.30374  -0.397371  -0.917658
13  4  0.248824  -0.232657  -0.94019  1.31933  4.4698  -0.240212  -0.97072
13  5  0.0441381  -3.32997e-05  -0.999025  1.52664  4.71236  -3.33322e-05  -1
13  6  -0.093233  0.325923  -0.940788  1.66416  5.04589  0.327349  -0.944904
13  7  -0.093233  0.651805  -0.752634  1.66416  5.42612  0.654657  -0.755926
13  8  0.0441381  0.865175  -0.499523  1.52664  5.75957  0.866019  -0.500011
13  9  0.248824  0.930546  -0.268645  1.31933  6.00213  0.960764  -0.277368
13  10  0.44978  0.887242  -0.102468  1.10428  6.1682  0.993397  -0.114728
13  11  1  0  0  0  0  1  0
13  12  1  0  0  0  0  1  0
13  13  1  0  0  0  0  1  0
13  14  0.44978  -0.354907  -0.819597  1.10428  4.30374  -0.397371  -0.917658
13  15  0.248824  -0.232657  -0.94019  1.31933  4.4698  -0.240212  -0.97072
13  16  0.0441381  -3.32997e-05  -0.999025  1.52664  4.71236  -3.33322e-05  -1
13  17  -0.093233  0.325923  -0.940788  1.66416  5.04589  0.327349  -0.944904
13  18  -0.093233  0.651805  -0.752634  1.66416  5.42612  0.654657  -0.755926
13  19  0.0441381  0.865175  -0.499523  1.52664  5.75957  0.866019  -0.500011
13  20  0.248824  0.930546  -0.268645  1.31933  6.00213  0.960764  -0.277368
13  21  0.44978  0.887242  -0.102468  1.10428  6.1682  0.993397  -0.114728
13  22  1  0  0  0  0  1  0
13  23  1  0  0  0  0  1  0
13  24  1  0  0  0  0  1  0
13  25  0.44978  -0.354907  -0.819597  1.10428  4.30374  -0.397371  -0.917658
13  26  0.248824  -0.232657  -0.94019  1.31933  4.4698  -0.240212  -0.97072
13  27  0.0441381  -3.32997e-05  -0.999025  1.52664  4.71236  -3.33322e-05  -1
13  28  -0.093233  0.325923  -0.940788  1.66416  5.04589  0.327349  -0.944904
13  29  -0.093233  0.651805  -0.752634  1.66416  5.42612  0.654657  -0.755926
13  30  0.0441381  0.865175  -0.499523  1.52664  5.75957  0.866019  -0.500011
13  31  0.248824  0.930546  -0.268645  1.31933  6.00213  0.960764  -0.277368
13  32  0.44978  0.887242  -0.102468  1.10428  6.1682  0.993397  -0.114728

14  0  1  0  0  0  0  1  0
14  1  1  0  0  0  0  1  0
14  2  0.44978  -0.53235  -0.717148  1.10428  4.07382  -0.596043  -0.802952
14  3  0.204538  -0.489438  -0.847711  1.36481  4.18878  -0.500009  -0.86602
14  4  -0.093233  -0.325923  -0.940788  1.66416  4.37889  -0.327349  -0.944904
14  5  -0.369302  -4.64632e-05  -0.929309  1.94905  4.71234  -4.99975e-05  -1
14  6  -0.488435  0.436316  -0.755685  2.08109  5.23601  0.500018  -0.866015
14  7  -0.369302  0.804797  -0.464669  1.94905  5.75957  0.866016  -0.500016
14  8  -0.093233  0.977698  -0.188188  1.66416  6.09303  0.981975  -0.189012
14  9  0.204538  0.978859  -2.82564e-05  1.36481  6.28316  1  -2.88667e-05
14  10  0.44978  0.887242  -0.102468  1.10428  6.1682  0.993397  -0.114728
14  11  1  0  0  0  0  1  0
14  12  1  0  0  0  0  1  0
14  13  0.44978  -0.53235  -0.717148  1.10428  4.07382  -0.596043  -0.802952
14  14  0.204538  -0.489438  -0.847711  1.36481  4.18878  -0.500009  -0.86602
14  15  -0.093233  -0.325923  -0.940788  1.66416  4.37889  -0.327349  -0.944904
14  16  -0.369302  -4.64632e-05  -0.929309  1.94905  4.71234  -4.99975e-05  -1
14  17  -0.488435  0.436316  -0.755685  2.08109  5.23601  0.500018  -0.866015
14  18  -0.369302  0.804797  -0.464669  1.94905  5.75957  0.866016  -0.500016
14  19  -0.093233  0.977698  -0.188188  1.66416  6.09303  0.981975  -0.189012
14  20  0.204538  0.978859  -2.82564e-05  1.36481  6.28316  1  -2.88667e-05
14  21  0.44978  0.887242  -0.102468  1.10428  6.1682  0.993397  -0.114728
14  22  1  0  0  0  0  1  0
14  23  1  0  0  0  0  1  0
14  24  0.44978  -0.53235  -0.717148  1.10428  4.07382  -0.596043  -0.802952
14  25  0.204538  -0.489438  -0.847711  1.36481  4.18878  -0.500009  -0.86602
14  26  -0.093233  -0.325923  -0.940788  1.66416  4.37889  -0.327349  -0.944904
14  27  -0.369302  -4.64632e-05  -0.929309  1.94905  4.71234  -4.99975e-05  -1
14  28  -0.488435  0.436316  -0.755685  2.08109  5.23601  0.500018  -0.866015
14  29  -0.369302  0.804797  -0.464669  1.94905  5.75957  0.866016  -0.500016
14  30  -0.093233  0.977698  -0.188188  1.66416  6.09303  0.981975  -0.189012
14  31  0.204538  0.978859  -2.82564e-05  1.36481  6.28316  1  -2.88667e-05
14  32  0.44978  0.887242  -0.102468  1.10428  6.1682  0.993397  -0.114728

15  0  1  0  0  0  0  1  0
15  1  0.498952  -0.655109  -0.567344  1.04841  3.85532  -0.755927  -0.654655
15  2  0.248824  -0.697913  -0.671568  1.31933  3.90776  -0.720576  -0.693376
15  3  -0.093233  -0.651805  -0.752634  1.66416  3.99866  -0.654657  -0.755926
15  4  -0.488435  -0.436316  -0.755685  2.08109  4.18877  -0.500018  -0.866015
15  5  -0.792326  -6.10037e-05  -0.610098  2.48541  4.71229  -9.999e-05  -1
15  6  -0.792326  0.528349  -0.305068  2.48541  5.75955  0.866007  -0.500032
15  7  -0.488435  0.8726  -5.03767e-05  2.08109  6.28313  1  -5.77317e-05
15  8  -0.093233  0.977698  -0.188188  1.66416  6.09303  0.981975  -0.189012
15  9  0.248824  0.930546  -0.268645  1.31933  6.00213  0.960764  -0.277368
15  10  0.498952  0.818884  -0.283682  1.04841  5.9497  0.944907  -0.32734
15  11  1  0  0  0  0  1  0
15  12  0.498952  -0.655109  -0.567344  1.04841  3.85532  -0.755927  -0.654655
15  13  0.248824  -0.697913  -0.671568  1.31933  3.90776  -0.720576  -0.693376
15  14  -0.093233  -0.651805  -0.752634  1.66416  3.99866  -0.654657  -0.755926
15  15  -0.488435  -0.436316  -0.755685  2.08109  4.18877  -0.500018  -0.866015
15  16  -0.792326  -6.10037e-05  -0.610098  2.48541  4.71229  -9.999e-05  -1
15  17  -0.792326  0.528349  -0.305068  2.48541  5.75955  0.866007  -0.500032
15  18  -0.488435  0.8726  -5.03767e-05  2.08109  6.28313  1  -5.77317e-05
15  19  -0.093233  0.977698  -0.188188  1.66416  6.09303  0.981975  -0.189012
15  20  0.248824  0.930546  -0.268645  1.31933  6.00213  0.960764  -0.277368
15  21  0.498952  0.818884  -0.283682  1.04841  5.9497  0.944907  -0.32734
15  22  1  0  0  0  0  1  0
15  23  0.498952  -0.655109  -0.567344  1.04841  3.85532  -0.755927  -0.654655
15  24  0.248824  -0.697913  -0.671568  1.31933  3.90776  -0.720576  -0.693376
15  25  -0.093233  -0.651805  -0.752634  1.66416  3.99866  -0.654657  -0.755926
15  26  -0.488435  -0.436316  -0.755685  2.08109  4.18877  -0.500018  -0.866015
15  27  -0.792326  -6.10037e-05  -0.610098  2.48541  4.71229  -9.999e-05  -1
15  28  -0.792326  0.528349  -0.305068  2.48541  5.75955  0.866007  -0.500032
15  29  -0.488435  0.8726  -5.03767e-05  2.08109  6.28313  1  -5.77317e-05
15  30  -0.093233  0.977698  -0.188188  1.66416  6.09303  0.981975  -0.189012
15  31  0.248824  0.930546  -0.268645  1.31933  6.00213  0.960764  -0.277368
15  32  0.498952  0.818884  -0.283682  1.04841  5.9497  0.944907  -0.32734

16  0  1  0  0  0  0  1  0
16  1  0.361157  -0.807569  0.46626  1.20129  2.61798  -0.866021  0.500008
16  2  0.0441381  -0.865175  0.499523  1.52664  2.61798  -0.866019  0.500011
16  3  -0.369302  -0.804797  0.464669  1.94905  2.61798  -0.866016  0.500016
16  4  -0.792326  -0.528349  0.305068  2.48541  2.61796  -0.866007  0.500032
16  5  -1  8.65956e-17  8.65956e-17  3.14159  0.785398  0.707107  0.707107
16  6  -0.792326  0.528349  0.305068  2.48541  0.523635  0.866007  0.500032
16  7  -0.369302  0.804797  0.464669  1.94905  0.523617  0.866016  0.500016
16  8  0.0441381  0.865175  0.499523  1.52664  0.523611  0.866019  0.500011
16  9  0.361157  0.807569  0.46626  1.20129  0.523608  0.866021  0.500008
16  10  1  0  0  0  0  1  0
16  11  1  0  0  0  0  1  0
16  12  0.361157  -0.807569  0.46626  1.20129  2.61798  -0.866021  0.500008
16  13  0.0441381  -0.865175  0.499523  1.52664  2.61798  -0.866019  0.500011
16  14  -0.369302  -0.804797  0.464669  1.94905  2.61798  -0.866016  0.500016
16  15  -0.792326  -0.528349  0.305068  2.48541  2.61796  -0.866007  0.500032
16  16  -1  8.65956e-17  8.65956e-17  3.14159  0.785398  0.707107  0.707107
16  17  -0.792326  0.528349  0.305068  2.48541  0.523635  0.866007  0.500032
16  18  -0.369302  0.804797  0.464669  1.94905  0.523617  0.866016  0.500016
16  19  0.0441381  0.865175  0.499523  1.52664  0.523611  0.866019  0.500011
16  20  0.361157  0.807569  0.46626  1.20129  0.523608  0.866021  0.500008
16  21  1  0  0  0  0  1  0
16  22  1  0  0  0  0  1  0
16  23  0.361157  -0.807569  0.46626  1.20129  2.61798  -0.866021  0.500008
16  24  0.0441381  -0.865175  0.499523  1.52664  2.61798  -0.866019  0.500011
16  25  -0.369302  -0.804797  0.464669  1.94905  2.61798  -0.866016  0.500016
16  26  -0.792326  -0.528349  0.305068  2.48541  2.61796  -0.866007  0.500032
16  27  -1  8.65956e-17  8.65956e-17  3.14159  0.785398  0.707107  0.707107
16  28  -0.792326  0.528349  0.305068  2.48541  0.523635  0.866007  0.500032
16  29  -0.369302  0.804797  0.464669  1.94905  0.523617  0.866016  0.500016
16  30  0.0441381  0.865175  0.499523  1.52664  0.523611  0.866019  0.500011
16  31  0.361157  0.807569  0.46626  1.20129  0.523608  0.866021  0.500008
16  32  1  0  0  0  0  1  0

17  0  0.498952  -0.818884  0.283682  1.04841  2.80811  -0.944907  0.32734
17  1  0.248824  -0.930546  0.268645  1.31933  2.86054  -0.960764  0.277368
17  2  -0.093233  -0.977698  0.188188  1.66416  2.95144  -0.981975  0.189012
17  3  -0.488435  -0.8726  5.03767e-05  2.08109  3.14153  -1  5.77317e-05
17  4  -0.792326  -0.528349  0.305068  2.48541  2.61796  -0.866007  0.500032
17  5  -0.792326  6.10037e-05  0.610098  2.48541  1.5707  9.999e-05  1
17  6  -0.488435  0.436316  0.755685  2.08109  1.04718  0.500018  0.866015
17  7  -0.093233  0.651805  0.752634  1.66416  0.857068  0.654657  0.755926
17  8  0.248824  0.697913  0.671568  1.31933  0.766163  0.720576  0.693376
17  9  0.498952  0.655109  0.567344  1.04841  0.713727  0.755927  0.654655
17  10  1  0  0  0  0  1  0
17  11  0.498952  -0.818884  0.283682  1.04841  2.80811  -0.944907  0.32734
17  12  0.248824  -0.930546  0.268645  1.31933  2.86054  -0.960764  0.277368
17  13  -0.093233  -0.977698  0.188188  1.66416  2.95144  -0.981975  0.189012
17  14  -0.488435  -0.8726  5.03767e-05  2.08109  3.14153  -1  5.77317e-05
17  15  -0.792326  -0.528349  0.305068  2.48541  2.61796  -0.866007  0.500032
17  16  -0.792326  6.10037e-05  0.610098  2.48541  1.5707  9.999e-05  1
17  17  -0.488435  0.436316  0.755685  2.08109  1.04718  0.500018  0.866015
17  18  -0.093233  0.651805  0.752634  1.66416  0.857068  0.654657  0.755926
17  19  0.248824  0.697913  0.671568  1.31933  0.766163  0.720576  0.693376
17  20  0.498952  0.655109  0.567344  1.04841  0.713727  0.755927  0.654655
17  21  1  0  0  0  0  1  0
17  22  0.498952  -0.818884  0.283682  1.04841  2.80811  -0.944907  0.32734
17  23  0.248824  -0.930546  0.268645  1.31933  2.86054  -0.960764  0.277368
17  24  -0.093233  -0.977698  0.188188  1.66416  2.95144  -0.981975  0.189012
17  25  -0.488435  -0.8726  5.03767e-05  2.08109  3.14153  -1  5.77317e-05
17  26  -0.792326  -0.528349  0.305068  2.48541  2.61796  -0.866007  0.500032
17  27  -0.792326  6.10037e-05  0.610098  2.48541  1.5707  9.999e-05  1
17  28  -0.488435  0.436316  0.755685  2.08109  1.04718  0.500018  0.866015
17  29  -0.093233  0.651805  0.752634  1.66416  0.857068  0.654657  0.755926
17  30  0.248824  0.697913  0.671568  1.31933  0.766163  0.720576  0.693376
17  31  0.498952  0.655109  0.567344  1.04841  0.713727  0.755927  0.654655
17  32  1  0  0  0  0  1  0

18  0  0.44978  -0.887242  0.102468  1.10428  3.02661  -0.993397  0.114728
18  1  0.204538  -0.978859  2.82564e-05  1.36481  3.14156  -1  2.88667e-05
18  2  -0.093233  -0.977698  0.188188  1.66416  2.95144  -0.981975  0.189012
18  3  -0.369302  -0.804797  0.464669  1.94905  2.61798  -0.866016  0.500016
18  4  -0.488435  -0.436316  0.755685  2.08109  2.09442  -0.500018  0.866015
18  5  -0.369302  4.64632e-05  0.929309  1.94905  1.57075  4.99975e-05  1
18  6  -0.093233  0.325923  0.940788  1.66416  1.2373  0.327349  0.944904
18  7  0.204538  0.489438  0.847711  1.36481  1.04719  0.500009  0.86602
18  8  0.44978  0.53235  0.717148  1.10428  0.932232  0.596043  0.802952
18  9  1  0  0  0  0  1  0
18  10  1  0  0  0  0  1  0
18  11  0.44978  -0.887242  0.102468  1.10428  3.02661  -0.993397  0.114728
18  12  0.204538  -0.978859  2.82564e-05  1.36481  3.14156  -1  2.88667e-05
18  13  -0.093233  -0.977698  0.188188  1.66416  2.95144  -0.981975  0.189012
18  14  -0.369302  -0.804797  0.464669  1.94905  2.61798  -0.866016  0.500016
18  15  -0.488435  -0.436316  0.755685  2.08109  2.09442  -0.500018  0.866015
18  16  -0.369302  4.64632e-05  0.929309  1.94905  1.57075  4.99975e-05  1
18  17  -0.093233  0.325923  0.940788  1.66416  1.2373  0.327349  0.944904
18  18  0.204538  0.489438  0.847711  1.36481  1.04719  0.500009  0.86602
18  19  0.44978  0.53235  0.717148  1.10428  0.932232  0.596043  0.802952
18  20  1  0  0  0  0  1  0
18  21  1  0  0  0  0  1  0
18  22  0.44978  -0.887242  0.102468  1.10428  3.02661  -0.993397  0.114728
18  23  0.204538  -0.978859  2.82564e-05  1.36481  3.14156  -1  2.88667e-05
18  24  -0.093233  -0.977698  0.188188  1.66416  2.95144  -0.981975  0.189012
18  25  -0.369302  -0.804797  0.464669  1.94905  2.61798  -0.866016  0.500016
18  26  -0.488435  -0.436316  0.755685  2.08109  2.09442  -0.500018  0.866015
18  27  -0.369302  4.64632e-05  0.929309  1.94905  1.57075  4.99975e-05  1
18  28  -0.093233  0.325923  0.940788  1.66416  1.2373  0.327349  0.944904
18  29  0.204538  0.489438  0.847711  1.36481  1.04719  0.500009  0.86602
18  30  0.44978  0.53235  0.717148  1.10428  0.932232  0.596043  0.802952
18  31  1  0  0  0  0  1  0
18  32  1  0  0  0  0  1  0

19  0  0.44978  -0.887242  0.102468  1.10428  3.02661  -0.993397  0.114728
19  1  0.248824  -0.930546  0.268645  1.31933  2.86054  -0.960764  0.277368
19  2  0.0441381  -0.865175  0.499523  1.52664  2.61798  -0.866019  0.500011
19  3  -0.093233  -0.651805  0.752634  1.66416  2.28452  -0.654657  0.755926
19  4  -0.093233  -0.325923  0.940788  1.66416  1.90429  -0.327349  0.944904
19  5  0.0441381  3.32997e-05  0.999025  1.52664  1.57076  3.33322e-05  1
19  6  0.248824  0.232657  0.94019  1.31933  1.32821  0.240212  0.97072
19  7  0.44978  0.354907  0.819597  1.10428  1.16215  0.397371  0.917658
19  8  1  0  0  0  0  1  0
19  9  1  0  0  0  0  1  0
19  10  1  0  0  0  0  1  0
19  11  0.44978  -0.887242  0.102468  1.10428  3.02661  -0.993397  0.114728
19  12  0.248824  -0.930546  0.268645  1.31933  2.86054  -0.960764  0.277368
19  13  0.0441381  -0.865175  0.499523  1.52664  2.61798  -0.866019  0.500011
19  14  -0.093233  -0.651805  0.752634  1.66416  2.28452  -0.654657  0.755926
19  15  -0.093233  -0.325923  0.940788  1.66416  1.90429  -0.327349  0.944904
19  16  0.0441381  3.32997e-05  0.999025  1.52664  1.57076  3.33322e-05  1
19  17  0.248824  0.232657  0.94019  1.31933  1.32821  0.240212  0.97072
19  18  0.44978  0.354907  0.819597  1.10428  1.16215  0.397371  0.917658
19  19  1  0  0  0  0  1  0
19  20  1  0  0  0  0  1  0
19  21  1  0  0  0  0  1  0
19  22  0.44978  -0.887242  0.102468  1.10428  3.02661  -0.993397  0.114728
19  23  0.248824  -0.930546  0.268645  1.31933  2.86054  -0.960764  0.277368
19  24  0.0441381  -0.865175  0.499523  1.52664  2.61798  -0.866019  0.500011
19  25  -0.093233  -0.651805  0.752634  1.66416  2.28452  -0.654657  0.755926
19  26  -0.093233  -0.325923  0.940788  1.66416  1.90429  -0.327349  0.944904
19  27  0.0441381  3.32997e-05  0.999025  1.52664  1.57076  3.33322e-05  1
19  28  0.248824  0.232657  0.94019  1.31933  1.32821  0.240212  0.97072
19  29  0.44978  0.354907  0.819597  1.10428  1.16215  0.397371  0.917658
19  30  1  0  0  0  0  1  0
19  31  1  0  0  0  0  1  0
19  32  1  0  0  0  0  1  0

20  0  0.498952  -0.818884  0.283682  1.04841  2.80811  -0.944907  0.32734
20  1  0.361157  -0.807569  0.46626  1.20129  2.61798  -0.866021  0.500008
20  2  0.248824  -0.697913  0.671568  1.31933  2.37543  -0.720576  0.693376
20  3  0.204538  -0.489438  0.847711  1.36481  2.09441  -0.500009  0.86602
20  4  0.248824  -0.232657  0.94019  1.31933  1.81338  -0.240212  0.97072
20  5  0.361157  2.3312e-05  0.932505  1.20129  1.57077  2.49994e-05  1
20  6  0.498952  0.163792  0.85101  1.04841  1.38065  0.188999  0.981977
20  7  1  0  0  0  0  1  0
20  8  1  0  0  0  0  1  0
20  9  1  0  0  0  0  1  0
20  10  1  0  0  0  0  1  0
20  11  0.498952  -0.818884  0.283682  1.04841  2.80811  -0.944907  0.32734
20  12  0.361157  -0.807569  0.46626  1.20129  2.61798  -0.866021  0.500008
20  13  0.248824  -0.697913  0.671568  1.31933  2.37543  -0.720576  0.693376
20  14  0.204538  -0.489438  0.847711  1.36481  2.09441  -0.500009  0.86602
20  15  0.248824  -0.232657  0.94019  1.31933  1.81338  -0.240212  0.97072
20  16  0.361157  2.3312e-05  0.932505  1.20129  1.57077  2.49994e-05  1
20  17  0.498952  0.163792  0.85101  1.04841  1.38065  0.188999  0.981977
20  18  1  0  0  0  0  1  0
20  19  1  0  0  0  0  1  0
20  20  1  0  0  0  0  1  0
20  21  1  0  0  0  0  1  0
20  22  0.498952  -0.818884  0.283682  1.04841  2.80811  -0.944907  0.32734
20  23  0.361157  -0.807569  0.46626  1.20129  2.61798  -0.866021  0.500008
20  24  0.248824  -0.697913  0.671568  1.31933  2.37543  -0.720576  0.693376
20  25  0.204538  -0.489438  0.847711  1.36481  2.09441  -0.500009  0.86602
20  26  0.248824  -0.232657  0.94019  1.31933  1.81338  -0.240212  0.97072
20  27  0.361157  2.3312e-05  0.932505  1.20129  1.57077  2.49994e-05  1
20  28  0.498952  0.163792  0.85101  1.04841  1.38065  0.188999  0.981977
20  29  1  0  0  0  0  1  0
20  30  1  0  0  0  0  1  0
20  31  1  0  0  0  0  1  0
20  32  1  0  0  0  0  1  0

21  0  1  0  0  0  0  1  0
21  1  0.498952  -0.655109  0.567344  1.04841  2.42787  -0.755927  0.654655
21  2  0.44978  -0.53235  0.717148  1.10428  2.20936  -0.596043  0.802952
21  3  0.44978  -0.354907  0.819597  1.10428  1.97945  -0.397371  0.917658
21  4  0.498952  -0.163792  0.85101  1.04841  1.76094  -0.188999  0.981977
21  5  1  0  0  0  0  1  0
21  6  1  0  0  0  0  1  0
21  7  1  0  0  0  0  1  0
21  8  1  0  0  0  0  1  0
21  9  1  0  0  0  0  1  0
21  10  1  0  0  0  0  1  0
21  11  1  0  0  0  0  1  0
21  12  0.498952  -0.655109  0.567344  1.04841  2.42787  -0.755927  0.654655
21  13  0.44978  -0.53235  0.717148  1.10428  2.20936  -0.596043  0.802952
21  14  0.44978  -0.354907  0.819597  1.10428  1.97945  -0.397371  0.917658
21  15  0.498952  -0.163792  0.85101  1.04841  1.76094  -0.188999  0.981977
21  16  1  0  0  0  0  1  0
21  17  1  0  0  0  0  1  0
21  18  1  0  0  0  0  1  0
21  19  1  0  0  0  0  1  0
21  20  1  0  0  0  0  1  0
21  21  1  0  0  0  0  1  0
21  22  1  0  0  0  0  1  0
21  23  0.498952  -0.655109  0.567344  1.04841  2.42787  -0.755927  0.654655
21  24  0.44978  -0.53235  0.717148  1.10428  2.20936  -0.596043  0.802952
21  25  0.44978  -0.354907  0.819597  1.10428  1.97945  -0.397371  0.917658
21  26  0.498952  -0.163792  0.85101  1.04841  1.76094  -0.188999  0.981977
21  27  1  0  0  0  0  1  0
21  28  1  0  0  0  0  1  0
21  29  1  0  0  0  0  1  0
21  30  1  0  0  0  0  1  0
21  31  1  0  0  0  0  1  0
21  32  1  0  0  0  0  1  0

22  0  1  0  0  0  0  1  0
22  1  1  0  0  0  0  1  0
22  2  1  0  0  0  0  1  0
22  3  1  0  0  0  0  1  0
22  4  1  0  0  0  0  1  0
22  5  1  0  0  0  0  1  0
22  6  0.498952  0.163792  -0.85101  1.04841  4.90253  0.188999  -0.981977
22  7  0.44978  0.354907  -0.819597  1.10428  5.12104  0.397371  -0.917658
22  8  0.44978  0.53235  -0.717148  1.10428  5.35095  0.596043  -0.802952
22  9  0.498952  0.655109  -0.567344  1.04841  5.56946  0.755927  -0.654655
22  10  1  0  0  0  0  1  0
22  11  1  0  0  0  0  1  0
22  12  1  0  0  0  0  1  0
22  13  1  0  0  0  0  1  0
22  14  1  0  0  0  0  1  0
22  15  1  0  0  0  0  1  0
22  16  1  0  0  0  0  1  0
22  17  0.498952  0.163792  -0.85101  1.04841  4.90253  0.188999  -0.981977
22  18  0.44978  0.354907  -0.819597  1.10428  5.12104  0.397371  -0.917658
22  19  0.44978  0.53235  -0.717148  1.10428  5.35095  0.596043  -0.802952
22  20  0.498952  0.655109  -0.567344  1.04841  5.56946  0.755927  -0.654655
22  21  1  0  0  0  0  1  0
22  22  1  0  0  0  0  1  0
22  23  1  0  0  0  0  1  0
22  24  1  0  0  0  0  1  0
22  25  1  0  0  0  0  1  0
22  26  1  0  0  0  0  1  0
22  27  1  0  0  0  0  1  0
22  28  0.498952  0.163792  -0.85101  1.04841  4.90253  0.188999  -0.981977
22  29  0.44978  0.354907  -0.819597  1.10428  5.12104  0.397371  -0.917658
22  30  0.44978  0.53235  -0.717148  1.10428  5.35095  0.596043  -0.802952
22  31  0.498952  0.655109  -0.567344  1.04841  5.56946  0.755927  -0.654655
22  32  1  0  0  0  0  1  0

23  0  1  0  0  0  0  1  0
23  1  1  0  0  0  0  1  0
23  2  1  0  0  0  0  1  0
23  3  1  0  0  0  0  1  0
23  4  0.498952  -0.163792  -0.85101  1.04841  4.52225  -0.188999  -0.981977
23  5  0.361157  -2.3312e-05  -0.932505  1.20129  4.71236  -2.49994e-05  -1
23  6  0.248824  0.232657  -0.94019  1.31933  4.95497  0.240212  -0.97072
23  7  0.204538  0.489438  -0.847711  1.36481  5.236  0.500009  -0.86602
23  8  0.248824  0.697913  -0.671568  1.31933  5.51702  0.720576  -0.693376
23  9  0.361157  0.807569  -0.46626  1.20129  5.75958  0.866021  -0.500008
23  10  0.498952  0.818884  -0.283682  1.04841  5.9497  0.944907  -0.32734
23  11  1  0  0  0  0  1  0
23  12  1  0  0  0  0  1  0
23  13  1  0  0  0  0  1  0
23  14  1  0  0  0  0  1  0
23  15  0.498952  -0.163792  -0.85101  1.04841  4.52225  -0.188999  -0.981977
23  16  0.361157  -2.3312e-05  -0.932505  1.20129  4.71236  -2.49994e-05  -1
23  17  0.248824  0.232657  -0.94019  1.31933  4.95497  0.240212  -0.97072
23  18  0.204538  0.489438  -0.847711  1.36481  5.236  0.500009  -0.86602
23  19  0.248824  0.697913  -0.671568  1.31933  5.51702  0.720576  -0.693376
23  20  0.361157  0.807569  -0.46626  1.20129  5.75958  0.866021  -0.500008
23  21  0.498952  0.818884  -0.283682  1.04841  5.9497  0.944907  -0.32734
23  22  1  0  0  0  0  1  0
23  23  1  0  0  0  0  1  0
23  24  1  0  0  0  0  1  0
23  25  1  0  0  0  0  1  0
23  26  0.498952  -0.163792  -0.85101  1.04841  4.52225  -0.188999  -0.981977
23  27  0.361157  -2.3312e-05  -0.932505  1.20129  4.71236  -2.49994e-05  -1
23  28  0.248824  0.232657  -0.94019  1.31933  4.95497  0.240212  -0.97072
23  29  0.204538  0.489438  -0.847711  1.36481  5.236  0.500009  -0.86602
23  30  0.248824  0.697913  -0.671568  1.31933  5.51702  0.720576  -0.693376
23  31  0.361157  0.807569  -0.46626  1.20129  5.75958  0.866021  -0.500008
23  32  0.498952  0.818884  -0.283682  1.04841  5.9497  0.944907  -0.32734

24  0  1  0  0  0  0  1  0
24  1  1  0  0  0  0  1  0
24  2  1  0  0  0  0  1  0
24  3  0.44978  -0.354907  -0.819597  1.10428  4.30374  -0.397371  -0.917658
24  4  0.248824  -0.232657  -0.94019  1.31933  4.4698  -0.240212  -0.97072
24  5  0.0441381  -3.32997e-05  -0.999025  1.52664  4.71236  -3.33322e-05  -1
24  6  -0.093233  0.325923  -0.940788  1.66416  5.04589  0.327349  -0.944904
24  7  -0.093233  0.651805  -0.752634  1.66416  5.42612  0.654657  -0.755926
24  8  0.0441381  0.865175  -0.499523  1.52664  5.75957  0.866019  -0.500011
24  9  0.248824  0.930546  -0.268645  1.31933  6.00213  0.960764  -0.277368
24  10  0.44978  0.887242  -0.102468  1.10428  6.1682  0.993397  -0.114728
24  11  1  0  0  0  0  1  0
24  12  1  0  0  0  0  1  0
24  13  1  0  0  0  0  1  0
24  14  0.44978  -0.354907  -0.819597  1.10428  4.30374  -0.397371  -0.917658
24  15  0.248824  -0.232657  -0.94019  1.31933  4.4698  -0.240212  -0.97072
24  16  0.0441381  -3.32997e-05  -0.999025  1.52664  4.71236  -3.33322e-05  -1
24  17  -0.093233  0.325923  -0.940788  1.66416  5.04589  0.327349  -0.944904
24  18  -0.093233  0.651805  -0.752634  1.66416  5.42612  0.654657  -0.755926
24  19  0.0441381  0.865175  -0.499523  1.52664  5.75957  0.866019  -0.500011
24  20  0.248824  0.930546  -0.268645  1.31933  6.00213  0.960764  -0.277368
24  21  0.44978  0.887242  -0.102468  1.10428  6.1682  0.993397  -0.114728
24  22  1  0  0  0  0  1  0
24  23  1  0  0  0  0  1  0
24  24  1  0  0  0  0  1  0
24  25  0.44978  -0.354907  -0.819597  1.10428  4.30374  -0.397371  -0.917658
24  26  0.248824  -0.232657  -0.94019  1.31933  4.4698  -0.240212  -0.97072
24  27  0.0441381  -3.32997e-05  -0.999025  1.52664  4.71236  -3.33322e-05  -1
24  28  -0.093233  0.325923  -0.940788  1.66416  5.04589  0.327349  -0.944904
24  29  -0.093233  0.651805  -0.752634  1.66416  5.42612  0.654657  -0.755926
24  30  0.0441381  0.865175  -0.499523  1.52664  5.75957  0.866019  -0.500011
24  31  0.248824  0.930546  -0.268645  1.31933  6.00213  0.960764  -0.277368
24  32  0.44978  0.887242  -0.102468  1.10428  6.1682  0.993397  -0.114728

25  0  1  0  0  0  0  1  0
25  1  1  0  0  0  0  1  0
25  2  0.44978  -0.53235  -0.717148  1.10428  4.07382  -0.596043  -0.802952
25  3  0.204538  -0.489438  -0.847711  1.36481  4.18878  -0.500009  -0.86602
25  4  -0.093233  -0.325923  -0.940788  1.66416  4.37889  -0.327349  -0.944904
25  5  -0.369302  -4.64632e-05  -0.929309  1.94905  4.71234  -4.99975e-05  -1
25  6  -0.488435  0.436316  -0.755685  2.08109  5.23601  0.500018  -0.866015
25  7  -0.369302  0.804797  -0.464669  1.94905  5.75957  0.866016  -0.500016
25  8  -0.093233  0.977698  -0.188188  1.66416  6.09303  0.981975  -0.189012
25  9  0.204538  0.978859  -2.82564e-05  1.36481  6.28316  1  -2.88667e-05
25  10  0.44978  0.887242  -0.102468  1.10428  6.1682  0.993397  -0.114728
25  11  1  0  0  0  0  1  0
25  12  1  0  0  0  0  1  0
25  13  0.44978  -0.53235  -0.717148  1.10428  4.07382  -0.596043  -0.802952
25  14  0.204538  -0.489438  -0.847711  1.36481  4.18878  -0.500009  -0.86602
25  15  -0.093233  -0.325923  -0.940788  1.66416  4.37889  -0.327349  -0.944904
25  16  -0.369302  -4.64632e-05  -0.929309  1.94905  4.71234  -4.99975e-05  -1
25  17  -0.488435  0.436316  -0.755685  2.08109  5.23601  0.500018  -0.866015
25  18  -0.369302  0.804797  -0.464669  1.94905  5.75957  0.866016  -0.500016
25  19  -0.093233  0.977698  -0.188188  1.66416  6.09303  0.981975  -0.189012
25  20  0.204538  0.978859  -2.82564e-05  1.36481  6.28316  1  -2.88667e-05
25  21  0.44978  0.887242  -0.102468  1.10428  6.1682  0.993397  -0.114728
25  22  1  0  0  0  0  1  0
25  23  1  0  0  0  0  1  0
25  24  0.44978  -0.53235  -0.717148  1.10428  4.07382  -0.596043  -0.802952
25  25  0.204538  -0.489438  -0.847711  1.36481  4.18878  -0.500009  -0.86602
25  26  -0.093233  -0.325923  -0.940788  1.66416  4.37889  -0.327349  -0.944904
25  27  -0.369302  -4.64632e-05  -0.929309  1.94905  4.71234  -4.99975e-05  -1
25  28  -0.488435  0.436316  -0.755685  2.08109  5.23601  0.500018  -0.866015
25  29  -0.369302  0.804797  -0.464669  1.94905  5.75957  0.866016  -0.500016
25  30  -0.093233  0.977698  -0.188188  1.66416  6.09303  0.981975  -0.189012
25  31  0.204538  0.978859  -2.82564e-05  1.36481  6.28316  1  -2.88667e-05
25  32  0.44978  0.887242  -0.102468  1.10428  6.1682  0.993397  -0.114728

26  0  1  0  0  0  0  1  0
26  1  0.498952  -0.655109  -0.567344  1.04841  3.85532  -0.755927  -0.654655
26  2  0.248824  -0.697913  -0.671568  1.31933  3.90776  -0.720576  -0.693376
26  3  -0.093233  -0.651805  -0.752634  1.66416  3.99866  -0.654657  -0.755926
26  4  -0.488435  -0.436316  -0.755685  2.08109  4.18877  -0.500018  -0.866015
26  5  -0.792326  -6.10037e-05  -0.610098  2.48541  4.71229  -9.999e-05  -1
26  6  -0.792326  0.528349  -0.305068  2.48541  5.75955  0.866007  -0.500032
26  7  -0.488435  0.8726  -5.03767e-05  2.08109  6.28313  1  -5.77317e-05
26  8  -0.093233  0.977698  -0.188188  1.66416  6.09303  0.981975  -0.189012
26  9  0.248824  0.930546  -0.268645  1.31933  6.00213  0.960764  -0.277368
26  10  0.498952  0.818884  -0.283682  1.04841  5.9497  0.944907  -0.32734
26  11  1  0  0  0  0  1  0
26  12  0.498952  -0.655109  -0.567344  1.04841  3.85532  -0.755927  -0.654655
26  13  0.248824  -0.697913  -0.671568  1.31933  3.90776  -0.720576  -0.693376
26  14  -0.093233  -0.651805  -0.752634  1.66416  3.99866  -0.654657  -0.755926
26  15  -0.488435  -0.436316  -0.755685  2.08109  4.18877  -0.500018  -0.866015
26  16  -0.792326  -6.10037e-05  -0.610098  2.48541  4.71229  -9.999e-05  -1
26  17  -0.792326  0.528349  -0.305068  2.48541  5.75955  0.866007  -0.500032
26  18  -0.488435  0.8726  -5.03767e-05  2.08109  6.28313  1  -5.77317e-05
26  19  -0.093233  0.977698  -0.188188  1.66416  6.09303  0.981975  -0.189012
26  20  0.248824  0.930546  -0.268645  1.31933  6.00213  0.960764  -0.277368
26  21  0.498952  0.818884  -0.283682  1.04841  5.9497  0.944907  -0.32734
26  22  1  0  0  0  0  1  0
26  23  0.498952  -0.655109  -0.567344  1.04841  3.85532  -0.755927  -0.654655
26  24  0.248824  -0.697913  -0.671568  1.31933  3.90776  -0.720576  -0.693376
26  25  -0.093233  -0.651805  -0.752634  1.66416  3.99866  -0.654657  -0.755926
26  26  -0.488435  -0.436316  -0.755685  2.08109  4.18877  -0.500018  -0.866015
26  27  -0.792326  -6.10037e-05  -0.610098  2.48541  4.71229  -9.999e-05  -1
26  28  -0.792326  0.528349  -0.305068  2.48541  5.75955  0.866007  -0.500032
26  29  -0.488435  0.8726  -5.03767e-05  2.08109  6.28313  1  -5.77317e-05
26  30  -0.093233  0.977698  -0.188188  1.66416  6.09303  0.981975  -0.189012
26  31  0.248824  0.930546  -0.268645  1.31933  6.00213  0.960764  -0.277368
26  32  0.498952  0.818884  -0.283682  1.04841  5.9497  0.944907  -0.32734

27  0  1  0  0  0  0  1  0
27  1  0.361157  -0.807569  0.46626  1.20129  2.61798  -0.866021  0.500008
27  2  0.0441381  -0.865175  0.499523  1.52664  2.61798  -0.866019  0.500011
27  3  -0.369302  -0.804797  0.464669  1.94905  2.61798  -0.866016  0.500016
27  4  -0.792326  -0.528349  0.305068  2.48541  2.61796  -0.866007  0.500032
27  5  -1  8.65956e-17  8.65956e-17  3.14159  0.785398  0.707107  0.707107
27  6  -0.792326  0.528349  0.305068  2.48541  0.523635  0.866007  0.500032
27  7  -0.369302  0.804797  0.464669  1.94905  0.523617  0.866016  0.500016
27  8  0.0441381  0.865175  0.499523  1.52664  0.523611  0.866019  0.500011
27  9  0.361157  0.807569  0.46626  1.20129  0.523608  0.866021  0.500008
27  10  1  0  0  0  0  1  0
27  11  1  0  0  0  0  1  0
27  12  0.361157  -0.807569  0.46626  1.20129  2.61798  -0.866021  0.500008
27  13  0.0441381  -0.865175  0.499523  1.52664  2.61798  -0.866019  0.500011
27  14  -0.369302  -0.804797  0.464669  1.94905  2.61798  -0.866016  0.500016
27  15  -0.792326  -0.528349  0.305068  2.48541  2.61796  -0.866007  0.500032
27  16  -1  8.65956e-17  8.65956e-17  3.14159  0.785398  0.707107  0.707107
27  17  -0.792326  0.528349  0.305068  2.48541  0.523635  0.866007  0.500032
27  18  -0.369302  0.804797  0.464669  1.94905  0.523617  0.866016  0.500016
27  19  0.0441381  0.865175  0.499523  1.52664  0.523611  0.866019  0.500011
27  20  0.361157  0.807569  0.46626  1.20129  0.523608  0.866021  0.500008
27  21  1  0  0  0  0  1  0
27  22  1  0  0  0  0  1  0
27  23  0.361157  -0.807569  0.46626  1.20129  2.61798  -0.866021  0.500008
27  24  0.0441381  -0.865175  0.499523  1.52664  2.61798  -0.866019  0.500011
27  25  -0.369302  -0.804797  0.464669  1.94905  2.61798  -0.866016  0.500016
27  26  -0.792326  -0.528349  0.305068  2.48541  2.61796  -0.866007  0.500032
27  27  -1  8.65956e-17  8.65956e-17  3.14159  0.785398  0.707107  0.707107
27  28  -0.792326  0.528349  0.305068  2.48541  0.523635  0.866007  0.500032
27  29  -0.369302  0.804797  0.464669  1.94905  0.523617  0.866016  0.500016
27  30  0.0441381  0.865175  0.499523  1.52664  0.523611  0.866019  0.500011
27  31  0.361157  0.807569  0.46626  1.20129  0.523608  0.866021  0.500008
27  32  1  0  0  0  0  1  0

28  0  0.498952  -0.818884  0.283682  1.04841  2.80811  -0.944907  0.32734
28  1  0.248824  -0.930546  0.268645  1.31933  2.86054  -0.960764  0.277368
28  2  -0.093233  -0.977698  0.188188  1.66416  2.95144  -0.981975  0.189012
28  3  -0.488435  -0.8726  5.03767e-05  2.08109  3.14153  -1  5.77317e-05
28  4  -0.792326  -0.528349  0.305068  2.48541  2.61796  -0.866007  0.500032
28  5  -0.792326  6.10037e-05  0.610098  2.48541  1.5707  9.999e-05  1
28  6  -0.488435  0.436316  0.755685  2.08109  1.04718  0.500018  0.866015
28  7  -0.093233  0.651805  0.752634  1.66416  0.857068  0.654657  0.755926
28  8  0.248824  0.697913  0.671568  1.31933  0.766163  0.720576  0.693376
28  9  0.498952  0.655109  0.567344  1.04841  0.713727  0.755927  0.654655
28  10  1  0  0  0  0  1  0
28  11  0.498952  -0.818884  0.283682  1.04841  2.80811  -0.944907  0.32734
28  12  0.248824  -0.930546  0.268645  1.31933  2.86054  -0.960764  0.277368
28  13  -0.093233  -0.977698  0.188188  1.66416  2.95144  -0.981975  0.189012
28  14  -0.488435  -0.8726  5.03767e-05  2.08109  3.14153  -1  5.77317e-05
28  15  -0.792326  -0.528349  0.305068  2.48541  2.61796  -0.866007  0.500032
28  16  -0.792326  6.10037e-05  0.610098  2.48541  1.5707  9.999e-05  1
28  17  -0.488435  0.436316  0.755685  2.08109  1.04718  0.500018  0.866015
28  18  -0.093233  0.651805  0.752634  1.66416  0.857068  0.654657  0.755926
28  19  0.248824  0.697913  0.671568  1.31933  0.766163  0.720576  0.693376
28  20  0.498952  0.655109  0.567344  1.04841  0.713727  0.755927  0.654655
28  21  1  0  0  0  0  1  0
28  22  0.498952  -0.818884  0.283682  1.04841  2.80811  -0.944907  0.32734
28  23  0.248824  -0.930546  0.268645  1.31933  2.86054  -0.960764  0.277368
28  24  -0.093233  -0.977698  0.188188  1.66416  2.95144  -0.981975  0.189012
28  25  -0.488435  -0.8726  5.03767e-05  2.08109  3.14153  -1  5.77317e-05
28  26  -0.792326  -0.528349  0.305068  2.48541  2.61796  -0.866007  0.500032
28  27  -0.792326  6.10037e-05  0.610098  2.48541  1.5707  9.999e-05  1
28  28  -0.488435  0.436316  0.755685  2.08109  1.04718  0.500018  0.866015
28  29  -0.093233  0.651805  0.752634  1.66416  0.857068  0.654657  0.755926
28  30  0.248824  0.697913  0.671568  1.31933  0.766163  0.720576  0.693376
28  31  0.498952  0.655109  0.567344  1.04841  0.713727  0.755927  0.654655
28  32  1  0  0  0  0  1  0

29  0  0.44978  -0.887242  0.102468  1.10428  3.02661  -0.993397  0.114728
29  1  0.204538  -0.978859  2.82564e-05  1.36481  3.14156  -1  2.88667e-05
29  2  -0.093233  -0.977698  0.188188  1.66416  2.95144  -0.981975  0.189012
29  3  -0.369302  -0.804797  0.464669  1.94905  2.61798  -0.866016  0.500016
29  4  -0.488435  -0.436316  0.755685  2.08109  2.09442  -0.500018  0.866015
29  5  -0.369302  4.64632e-05  0.929309  1.94905  1.57075  4.99975e-05  1
29  6  -0.093233  0.325923  0.940788  1.66416  1.2373  0.327349  0.944904
29  7  0.204538  0.489438  0.847711  1.36481  1.04719  0.500009  0.86602
29  8  0.44978  0.53235  0.717148  1.10428  0.932232  0.596043  0.802952
29  9  1  0  0  0  0  1  0
29  10  1  0  0  0  0  1  0
29  11  0.44978  -0.887242  0.102468  1.10428  3.02661  -0.993397  0.114728
29  12  0.204538  -0.978859  2.82564e-05  1.36481  3.14156  -1  2.88667e-05
29  13  -0.093233  -0.977698  0.188188  1.66416  2.95144  -0.981975  0.189012
29  14  -0.369302  -0.804797  0.464669  1.94905  2.61798  -0.866016  0.500016
29  15  -0.488435  -0.436316  0.755685  2.08109  2.09442  -0.500018  0.866015
29  16  -0.369302  4.64632e-05  0.929309  1.94905  1.57075  4.99975e-05  1
29  17  -0.093233  0.325923  0.940788  1.66416  1.2373  0.327349  0.944904
29  18  0.204538  0.489438  0.847711  1.36481  1.04719  0.500009  0.86602
29  19  0.44978  0.53235  0.717148  1.10428  0.932232  0.596043  0.802952
29  20  1  0  0  0  0  1  0
29  21  1  0  0  0  0  1  0
29  22  0.44978  -0.887242  0.102468  1.10428  3.02661  -0.993397  0.114728
29  23  0.204538  -0.978859  2.82564e-05  1.36481  3.14156  -1  2.88667e-05
29  24  -0.093233  -0.977698  0.188188  1.66416  2.95144  -0.981975  0.189012
29  25  -0.369302  -0.804797  0.464669  1.94905  2.61798  -0.866016  0.500016
29  26  -0.488435  -0.436316  0.755685  2.08109  2.09442  -0.500018  0.866015
29  27  -0.369302  4.64632e-05  0.929309  1.94905  1.57075  4.99975e-05  1
29  28  -0.093233  0.325923  0.940788  1.66416  1.2373  0.327349  0.944904
29  29  0.204538  0.489438  0.847711  1.36481  1.04719  0.500009  0.86602
29  30  0.44978  0.53235  0.717148  1.10428  0.932232  0.596043  0.802952
29  31  1  0  0  0  0  1  0
29  32  1  0  0  0  0  1  0

30  0  0.44978  -0.887242  0.102468  1.10428  3.02661  -0.993397  0.114728
30  1  0.248824  -0.930546  0.268645  1.31933  2.86054  -0.960764  0.277368
30  2  0.0441381  -0.865175  0.499523  1.52664  2.61798  -0.866019  0.500011
30  3  -0.093233  -0.651805  0.752634  1.66416  2.28452  -0.654657  0.755926
30  4  -0.093233  -0.325923  0.940788  1.66416  1.90429  -0.327349  0.944904
30  5  0.0441381  3.32997e-05  0.999025  1.52664  1.57076  3.33322e-05  1
30  6  0.248824  0.232657  0.94019  1.31933  1.32821  0.240212  0.97072
30  7  0.44978  0.354907  0.819597  1.10428  1.16215  0.397371  0.917658
30  8  1  0  0  0  0  1  0
30  9  1  0  0  0  0  1  0
30  10  1  0  0  0  0  1  0
30  11  0.44978  -0.887242  0.102468  1.10428  3.02661  -0.993397  0.114728
30  12  0.248824  -0.930546  0.268645  1.31933  2.86054  -0.960764  0.277368
30  13  0.0441381  -0.865175  0.499523  1.52664  2.61798  -0.866019  0.500011
30  14  -0.093233  -0.651805  0.752634  1.66416  2.28452  -0.654657  0.755926
30  15  -0.093233  -0.325923  0.940788  1.66416  1.90429  -0.327349  0.944904
30  16  0.0441381  3.32997e-05  0.999025  1.52664  1.57076  3.33322e-05  1
30  17  0.248824  0.232657  0.94019  1.31933  1.32821  0.240212  0.97072
30  18  0.44978  0.354907  0.819597  1.10428  1.16215  0.397371  0.917658
30  19  1  0  0  0  0  1  0
30  20  1  0  0  0  0  1  0
30  21  1  0  0  0  0  1  0
30  22  0.44978  -0.887242  0.102468  1.10428  3.02661  -0.993397  0.114728
30  23  0.248824  -0.930546  0.268645  1.31933  2.86054  -0.960764  0.277368
30  24  0.0441381  -0.865175  0.499523  1.52664  2.61798  -0.866019  0.500011
30  25  -0.093233  -0.651805  0.752634  1.66416  2.28452  -0.654657  0.755926
30  26  -0.093233  -0.325923  0.940788  1.66416  1.90429  -0.327349  0.944904
30  27  0.0441381  3.32997e-05  0.999025  1.52664  1.57076  3.33322e-05  1
30  28  0.248824  0.232657  0.94019  1.31933  1.32821  0.240212  0.97072
30  29  0.44978  0.354907  0.819597  1.10428  1.16215  0.397371  0.917658
30  30  1  0  0  0  0  1  0
30  31  1  0  0  0  0  1  0
30  32  1  0  0  0  0  1  0

31  0  0.498952  -0.818884  0.283682  1.04841  2.80811  -0.944907  0.32734
31  1  0.361157  -0.807569  0.46626  1.20129  2.61798  -0.866021  0.500008
31  2  0.248824  -0.697913  0.671568  1.31933  2.37543  -0.720576  0.693376
31  3  0.204538  -0.489438  0.847711  1.36481  2.09441  -0.500009  0.86602
31  4  0.248824  -0.232657  0.94019  1.31933  1.81338  -0.240212  0.97072
31  5  0.361157  2.3312e-05  0.932505  1.20129  1.57077  2.49994e-05  1
31  6  0.498952  0.163792  0.85101  1.04841  1.38065  0.188999  0.981977
31  7  1  0  0  0  0  1  0
31  8  1  0  0  0  0  1  0
31  9  1  0  0  0  0  1  0
31  10  1  0  0  0  0  1  0
31  11  0.498952  -0.818884  0.283682  1.04841  2.80811  -0.944907  0.32734
31  12  0.361157  -0.807569  0.46626  1.20129  2.61798  -0.866021  0.500008
31  13  0.248824  -0.697913  0.671568  1.31933  2.37543  -0.720576  0.693376
31  14  0.204538  -0.489438  0.847711  1.36481  2.09441  -0.500009  0.86602
31  15  0.248824  -0.232657  0.94019  1.31933  1.81338  -0.240212  0.97072
31  16  0.361157  2.3312e-05  0.932505  1.20129  1.57077  2.49994e-05  1
31  17  0.498952  0.163792  0.85101  1.04841  1.38065  0.188999  0.981977
31  18  1  0  0  0  0  1  0
31  19  1  0  0  0  0  1  0
31  20  1  0  0  0  0  1  0
31  21  1  0  0  0  0  1  0
31  22  0.498952  -0.818884  0.283682  1.04841  2.80811  -0.944907  0.32734
31  23  0.361157  -0.807569  0.46626  1.20129  2.61798  -0.866021  0.500008
31  24  0.248824  -0.697913  0.671568  1.31933  2.37543  -0.720576  0.693376
31  25  0.204538  -0.489438  0.847711  1.36481  2.09441  -0.500009  0.86602
31  26  0.248824  -0.232657  0.94019  1.31933  1.81338  -0.240212  0.97072
31  27  0.361157  2.3312e-05  0.932505  1.20129  1.57077  2.49994e-05  1
31  28  0.498952  0.163792  0.85101  1.04841  1.38065  0.188999  0.981977
31  29  1  0  0  0  0  1  0
31  30  1  0  0  0  0  1  0
31  31  1  0  0  0  0  1  0
31  32  1  0  0  0  0  1  0

32  0  1  0  0  0  0  1  0
32  1  0.498952  -0.655109  0.567344  1.04841  2.42787  -0.755927  0.654655
32  2  0.44978  -0.53235  0.717148  1.10428  2.20936  -0.596043  0.802952
32  3  0.44978  -0.354907  0.819597  1.10428  1.97945  -0.397371  0.917658
32  4  0.498952  -0.163792  0.85101  1.04841  1.76094  -0.188999  0.981977
32  5  1  0  0  0  0  1  0
32  6  1  0  0  0  0  1  0
32  7  1  0  0  0  0  1  0
32  8  1  0  0  0  0  1  0
32  9  1  0  0  0  0  1  0
32  10  1  0  0  0  0  1  0
32  11  1  0  0  0  0  1  0
32  12  0.498952  -0.655109  0.567344  1.04841  2.42787  -0.755927  0.654655
32  13  0.44978  -0.53235  0.717148  1.10428  2.20936  -0.596043  0.802952
32  14  0.44978  -0.354907  0.819597  1.10428  1.97945  -0.397371  0.917658
32  15  0.498952  -0.163792  0.85101  1.04841  1.76094  -0.188999  0.981977
32  16  1  0  0  0  0  1  0
32  17  1  0  0  0  0  1  0
32  18  1  0  0  0  0  1  0
32  19  1  0  0  0  0  1  0
32  20  1  0  0  0  0  1  0
32  21  1  0  0  0  0  1  0
32  22  1  0  0  0  0  1  0
32  23  0.498952  -0.655109  0.567344  1.04841  2.42787  -0.755927  0.654655
32  24  0.44978  -0.53235  0.717148  1.10428  2.20936  -0.596043  0.802952
32  25  0.44978  -0.354907  0.819597  1.10428  1.97945  -0.397371  0.917658
32  26  0.498952  -0.163792  0.85101  1.04841  1.76094  -0.188999  0.981977
32  27  1  0  0  0  0  1  0
32  28  1  0  0  0  0  1  0
32  29  1  0  0  0  0  1  0
32  30  1  0  0  0  0  1  0
32  31  1  0  0  0  0  1  0
32  32  1  0  0  0  0  1  0

#Skyrmion number = 3.16536e-317
