1   6  0  0  10   10
1   7  0  0  10   10
1   8  0  0  10   10
1   9  0  0  10   10
1   10  0  0  10   10
1   11  0  0  10   10
1   12  0  0  10   10
1   13  0  0  10   10
1   14  0  0  10   10
2   5  0  0  10   10
2   6  0  0  10   10
2   7  0  0  10   10
2   8  0  0  10   10
2   9  0  0  10   10
2   10  0  0  10   10
2   11  0  0  10   10
2   12  0  0  10   10
2   13  0  0  10   10
2   14  0  0  10   10
2   15  0  0  10   10
3   3  0  0  10   10
3   4  0  0  10   10
3   5  0  0  10   10
3   6  0  0  10   10
3   7  0  0  10   10
3   8  0  0  10   10
3   9  0  0  10   10
3   10  0  0  10   10
3   11  0  0  10   10
3   12  0  0  10   10
3   13  0  0  10   10
3   14  0  0  10   10
3   15  0  0  10   10
3   16  0  0  10   10
3   17  0  0  10   10
4   3  0  0  10   10
4   4  0  0  10   10
4   5  0  0  10   10
4   6  0  0  10   10
4   7  0  0  10   10
4   8  0  0  10   10
4   9  0  0  10   10
4   10  0  0  10   10
4   11  0  0  10   10
4   12  0  0  10   10
4   13  0  0  10   10
4   14  0  0  10   10
4   15  0  0  10   10
4   16  0  0  10   10
4   17  0  0  10   10
5   2  0  0  10   10
5   3  0  0  10   10
5   4  0  0  10   10
5   5  0  0  10   10
5   6  0  0  10   10
5   7  0  0  10   10
5   8  0  0  10   10
5   9  0  0  10   10
5   10  0  0  10   10
5   11  0  0  10   10
5   12  0  0  10   10
5   13  0  0  10   10
5   14  0  0  10   10
5   15  0  0  10   10
5   16  0  0  10   10
5   17  0  0  10   10
5   18  0  0  10   10
6   1  0  0  10   10
6   2  0  0  10   10
6   3  0  0  10   10
6   4  0  0  10   10
6   5  0  0  10   10
6   6  0  0  10   10
6   7  0  0  10   10
6   8  0  0  10   10
6   9  0  0  10   10
6   10  0  0  10   10
6   11  0  0  10   10
6   12  0  0  10   10
6   13  0  0  10   10
6   14  0  0  10   10
6   15  0  0  10   10
6   16  0  0  10   10
6   17  0  0  10   10
6   18  0  0  10   10
6   19  0  0  10   10
7   1  0  0  10   10
7   2  0  0  10   10
7   3  0  0  10   10
7   4  0  0  10   10
7   5  0  0  10   10
7   6  0  0  10   10
7   7  0  0  10   10
7   8  0  0  10   10
7   9  0  0  10   10
7   10  0  0  10   10
7   11  0  0  10   10
7   12  0  0  10   10
7   13  0  0  10   10
7   14  0  0  10   10
7   15  0  0  10   10
7   16  0  0  10   10
7   17  0  0  10   10
7   18  0  0  10   10
7   19  0  0  10   10
8   1  0  0  10   10
8   2  0  0  10   10
8   3  0  0  10   10
8   4  0  0  10   10
8   5  0  0  10   10
8   6  0  0  10   10
8   7  0  0  10   10
8   8  0  0  10   10
8   9  0  0  10   10
8   10  0  0  10   10
8   11  0  0  10   10
8   12  0  0  10   10
8   13  0  0  10   10
8   14  0  0  10   10
8   15  0  0  10   10
8   16  0  0  10   10
8   17  0  0  10   10
8   18  0  0  10   10
8   19  0  0  10   10
9   1  0  0  10   10
9   2  0  0  10   10
9   3  0  0  10   10
9   4  0  0  10   10
9   5  0  0  10   10
9   6  0  0  10   10
9   7  0  0  10   10
9   8  0  0  10   10
9   9  0  0  10   10
9   10  0  0  10   10
9   11  0  0  10   10
9   12  0  0  10   10
9   13  0  0  10   10
9   14  0  0  10   10
9   15  0  0  10   10
9   16  0  0  10   10
9   17  0  0  10   10
9   18  0  0  10   10
9   19  0  0  10   10
10   1  0  0  10   10
10   2  0  0  10   10
10   3  0  0  10   10
10   4  0  0  10   10
10   5  0  0  10   10
10   6  0  0  10   10
10   7  0  0  10   10
10   8  0  0  10   10
10   9  0  0  10   10
10   10  0  0  10   10
10   11  0  0  10   10
10   12  0  0  10   10
10   13  0  0  10   10
10   14  0  0  10   10
10   15  0  0  10   10
10   16  0  0  10   10
10   17  0  0  10   10
10   18  0  0  10   10
10   19  0  0  10   10
11   1  0  0  10   10
11   2  0  0  10   10
11   3  0  0  10   10
11   4  0  0  10   10
11   5  0  0  10   10
11   6  0  0  10   10
11   7  0  0  10   10
11   8  0  0  10   10
11   9  0  0  10   10
11   10  0  0  10   10
11   11  0  0  10   10
11   12  0  0  10   10
11   13  0  0  10   10
11   14  0  0  10   10
11   15  0  0  10   10
11   16  0  0  10   10
11   17  0  0  10   10
11   18  0  0  10   10
11   19  0  0  10   10
12   1  0  0  10   10
12   2  0  0  10   10
12   3  0  0  10   10
12   4  0  0  10   10
12   5  0  0  10   10
12   6  0  0  10   10
12   7  0  0  10   10
12   8  0  0  10   10
12   9  0  0  10   10
12   10  0  0  10   10
12   11  0  0  10   10
12   12  0  0  10   10
12   13  0  0  10   10
12   14  0  0  10   10
12   15  0  0  10   10
12   16  0  0  10   10
12   17  0  0  10   10
12   18  0  0  10   10
12   19  0  0  10   10
13   1  0  0  10   10
13   2  0  0  10   10
13   3  0  0  10   10
13   4  0  0  10   10
13   5  0  0  10   10
13   6  0  0  10   10
13   7  0  0  10   10
13   8  0  0  10   10
13   9  0  0  10   10
13   10  0  0  10   10
13   11  0  0  10   10
13   12  0  0  10   10
13   13  0  0  10   10
13   14  0  0  10   10
13   15  0  0  10   10
13   16  0  0  10   10
13   17  0  0  10   10
13   18  0  0  10   10
13   19  0  0  10   10
14   1  0  0  10   10
14   2  0  0  10   10
14   3  0  0  10   10
14   4  0  0  10   10
14   5  0  0  10   10
14   6  0  0  10   10
14   7  0  0  10   10
14   8  0  0  10   10
14   9  0  0  10   10
14   10  0  0  10   10
14   11  0  0  10   10
14   12  0  0  10   10
14   13  0  0  10   10
14   14  0  0  10   10
14   15  0  0  10   10
14   16  0  0  10   10
14   17  0  0  10   10
14   18  0  0  10   10
14   19  0  0  10   10
15   2  0  0  10   10
15   3  0  0  10   10
15   4  0  0  10   10
15   5  0  0  10   10
15   6  0  0  10   10
15   7  0  0  10   10
15   8  0  0  10   10
15   9  0  0  10   10
15   10  0  0  10   10
15   11  0  0  10   10
15   12  0  0  10   10
15   13  0  0  10   10
15   14  0  0  10   10
15   15  0  0  10   10
15   16  0  0  10   10
15   17  0  0  10   10
15   18  0  0  10   10
16   3  0  0  10   10
16   4  0  0  10   10
16   5  0  0  10   10
16   6  0  0  10   10
16   7  0  0  10   10
16   8  0  0  10   10
16   9  0  0  10   10
16   10  0  0  10   10
16   11  0  0  10   10
16   12  0  0  10   10
16   13  0  0  10   10
16   14  0  0  10   10
16   15  0  0  10   10
16   16  0  0  10   10
16   17  0  0  10   10
17   3  0  0  10   10
17   4  0  0  10   10
17   5  0  0  10   10
17   6  0  0  10   10
17   7  0  0  10   10
17   8  0  0  10   10
17   9  0  0  10   10
17   10  0  0  10   10
17   11  0  0  10   10
17   12  0  0  10   10
17   13  0  0  10   10
17   14  0  0  10   10
17   15  0  0  10   10
17   16  0  0  10   10
17   17  0  0  10   10
18   5  0  0  10   10
18   6  0  0  10   10
18   7  0  0  10   10
18   8  0  0  10   10
18   9  0  0  10   10
18   10  0  0  10   10
18   11  0  0  10   10
18   12  0  0  10   10
18   13  0  0  10   10
18   14  0  0  10   10
18   15  0  0  10   10
19   6  0  0  10   10
19   7  0  0  10   10
19   8  0  0  10   10
19   9  0  0  10   10
19   10  0  0  10   10
19   11  0  0  10   10
19   12  0  0  10   10
19   13  0  0  10   10
19   14  0  0  10   10
