#ix   iy   Sz   Sx   Sy   Theta[ix][iy]     Phi[ix][iy]
0  0  1  0  0  0  0  1  0
0  1  1  0  0  0  0  1  0
0  2  1  0  0  0  0  1  0
0  3  1  0  0  0  0  1  0
0  4  1  0  0  0  0  1  0
0  5  1  0  0  0  0  1  0
0  6  1  0  0  0  0  1  0
0  7  1  0  0  0  0  1  0
0  8  1  0  0  0  0  1  0
0  9  1  0  0  0  0  1  0
0  10  1  0  0  0  0  1  0
0  11  1  0  0  0  0  1  0

1  0  1  0  0  0  0  1  0
1  1  0.736873  -0.478027  -0.478027  0.742364  3.92699  -0.707107  -0.707107
1  2  0.480253  -0.832108  -0.277406  1.06985  3.46338  -0.948671  -0.316266
1  3  0.480253  -0.832108  0.277406  1.06985  2.8198  -0.948671  0.316266
1  4  0.736873  -0.478027  0.478027  0.742364  2.35619  -0.707107  0.707107
1  5  1  0  0  0  0  1  0
1  6  1  0  0  0  0  1  0
1  7  0.736873  -0.478027  -0.478027  0.742364  3.92699  -0.707107  -0.707107
1  8  0.480253  -0.832108  -0.277406  1.06985  3.46338  -0.948671  -0.316266
1  9  0.480253  -0.832108  0.277406  1.06985  2.8198  -0.948671  0.316266
1  10  0.736873  -0.478027  0.478027  0.742364  2.35619  -0.707107  0.707107
1  11  1  0  0  0  0  1  0

2  0  1  0  0  0  0  1  0
2  1  0.480253  -0.277406  -0.832108  1.06985  4.3906  -0.316266  -0.948671
2  2  -0.372182  -0.656308  -0.656308  1.95215  3.92699  -0.707107  -0.707107
2  3  -0.372182  -0.656308  0.656308  1.95215  2.35619  -0.707107  0.707107
2  4  0.480253  -0.277406  0.832108  1.06985  1.89259  -0.316266  0.948671
2  5  1  0  0  0  0  1  0
2  6  1  0  0  0  0  1  0
2  7  0.480253  -0.277406  -0.832108  1.06985  4.3906  -0.316266  -0.948671
2  8  -0.372182  -0.656308  -0.656308  1.95215  3.92699  -0.707107  -0.707107
2  9  -0.372182  -0.656308  0.656308  1.95215  2.35619  -0.707107  0.707107
2  10  0.480253  -0.277406  0.832108  1.06985  1.89259  -0.316266  0.948671
2  11  1  0  0  0  0  1  0

3  0  1  0  0  0  0  1  0
3  1  0.480253  0.277406  -0.832108  1.06985  5.03418  0.316266  -0.948671
3  2  -0.372182  0.656308  -0.656308  1.95215  5.49779  0.707107  -0.707107
3  3  -0.372182  0.656308  0.656308  1.95215  0.785398  0.707107  0.707107
3  4  0.480253  0.277406  0.832108  1.06985  1.24901  0.316266  0.948671
3  5  1  0  0  0  0  1  0
3  6  1  0  0  0  0  1  0
3  7  0.480253  0.277406  -0.832108  1.06985  5.03418  0.316266  -0.948671
3  8  -0.372182  0.656308  -0.656308  1.95215  5.49779  0.707107  -0.707107
3  9  -0.372182  0.656308  0.656308  1.95215  0.785398  0.707107  0.707107
3  10  0.480253  0.277406  0.832108  1.06985  1.24901  0.316266  0.948671
3  11  1  0  0  0  0  1  0

4  0  1  0  0  0  0  1  0
4  1  0.736873  0.478027  -0.478027  0.742364  5.49779  0.707107  -0.707107
4  2  0.480253  0.832108  -0.277406  1.06985  5.96139  0.948671  -0.316266
4  3  0.480253  0.832108  0.277406  1.06985  0.321791  0.948671  0.316266
4  4  0.736873  0.478027  0.478027  0.742364  0.785398  0.707107  0.707107
4  5  1  0  0  0  0  1  0
4  6  1  0  0  0  0  1  0
4  7  0.736873  0.478027  -0.478027  0.742364  5.49779  0.707107  -0.707107
4  8  0.480253  0.832108  -0.277406  1.06985  5.96139  0.948671  -0.316266
4  9  0.480253  0.832108  0.277406  1.06985  0.321791  0.948671  0.316266
4  10  0.736873  0.478027  0.478027  0.742364  0.785398  0.707107  0.707107
4  11  1  0  0  0  0  1  0

5  0  1  0  0  0  0  1  0
5  1  1  0  0  0  0  1  0
5  2  1  0  0  0  0  1  0
5  3  1  0  0  0  0  1  0
5  4  1  0  0  0  0  1  0
5  5  1  0  0  0  0  1  0
5  6  1  0  0  0  0  1  0
5  7  1  0  0  0  0  1  0
5  8  1  0  0  0  0  1  0
5  9  1  0  0  0  0  1  0
5  10  1  0  0  0  0  1  0
5  11  1  0  0  0  0  1  0

6  0  1  0  0  0  0  1  0
6  1  1  0  0  0  0  1  0
6  2  1  0  0  0  0  1  0
6  3  1  0  0  0  0  1  0
6  4  1  0  0  0  0  1  0
6  5  1  0  0  0  0  1  0
6  6  1  0  0  0  0  1  0
6  7  1  0  0  0  0  1  0
6  8  1  0  0  0  0  1  0
6  9  1  0  0  0  0  1  0
6  10  1  0  0  0  0  1  0
6  11  1  0  0  0  0  1  0

7  0  1  0  0  0  0  1  0
7  1  0.736873  -0.478027  -0.478027  0.742364  3.92699  -0.707107  -0.707107
7  2  0.480253  -0.832108  -0.277406  1.06985  3.46338  -0.948671  -0.316266
7  3  0.480253  -0.832108  0.277406  1.06985  2.8198  -0.948671  0.316266
7  4  0.736873  -0.478027  0.478027  0.742364  2.35619  -0.707107  0.707107
7  5  1  0  0  0  0  1  0
7  6  1  0  0  0  0  1  0
7  7  0.736873  -0.478027  -0.478027  0.742364  3.92699  -0.707107  -0.707107
7  8  0.480253  -0.832108  -0.277406  1.06985  3.46338  -0.948671  -0.316266
7  9  0.480253  -0.832108  0.277406  1.06985  2.8198  -0.948671  0.316266
7  10  0.736873  -0.478027  0.478027  0.742364  2.35619  -0.707107  0.707107
7  11  1  0  0  0  0  1  0

8  0  1  0  0  0  0  1  0
8  1  0.480253  -0.277406  -0.832108  1.06985  4.3906  -0.316266  -0.948671
8  2  -0.372182  -0.656308  -0.656308  1.95215  3.92699  -0.707107  -0.707107
8  3  -0.372182  -0.656308  0.656308  1.95215  2.35619  -0.707107  0.707107
8  4  0.480253  -0.277406  0.832108  1.06985  1.89259  -0.316266  0.948671
8  5  1  0  0  0  0  1  0
8  6  1  0  0  0  0  1  0
8  7  0.480253  -0.277406  -0.832108  1.06985  4.3906  -0.316266  -0.948671
8  8  -0.372182  -0.656308  -0.656308  1.95215  3.92699  -0.707107  -0.707107
8  9  -0.372182  -0.656308  0.656308  1.95215  2.35619  -0.707107  0.707107
8  10  0.480253  -0.277406  0.832108  1.06985  1.89259  -0.316266  0.948671
8  11  1  0  0  0  0  1  0

9  0  1  0  0  0  0  1  0
9  1  0.480253  0.277406  -0.832108  1.06985  5.03418  0.316266  -0.948671
9  2  -0.372182  0.656308  -0.656308  1.95215  5.49779  0.707107  -0.707107
9  3  -0.372182  0.656308  0.656308  1.95215  0.785398  0.707107  0.707107
9  4  0.480253  0.277406  0.832108  1.06985  1.24901  0.316266  0.948671
9  5  1  0  0  0  0  1  0
9  6  1  0  0  0  0  1  0
9  7  0.480253  0.277406  -0.832108  1.06985  5.03418  0.316266  -0.948671
9  8  -0.372182  0.656308  -0.656308  1.95215  5.49779  0.707107  -0.707107
9  9  -0.372182  0.656308  0.656308  1.95215  0.785398  0.707107  0.707107
9  10  0.480253  0.277406  0.832108  1.06985  1.24901  0.316266  0.948671
9  11  1  0  0  0  0  1  0

10  0  1  0  0  0  0  1  0
10  1  0.736873  0.478027  -0.478027  0.742364  5.49779  0.707107  -0.707107
10  2  0.480253  0.832108  -0.277406  1.06985  5.96139  0.948671  -0.316266
10  3  0.480253  0.832108  0.277406  1.06985  0.321791  0.948671  0.316266
10  4  0.736873  0.478027  0.478027  0.742364  0.785398  0.707107  0.707107
10  5  1  0  0  0  0  1  0
10  6  1  0  0  0  0  1  0
10  7  0.736873  0.478027  -0.478027  0.742364  5.49779  0.707107  -0.707107
10  8  0.480253  0.832108  -0.277406  1.06985  5.96139  0.948671  -0.316266
10  9  0.480253  0.832108  0.277406  1.06985  0.321791  0.948671  0.316266
10  10  0.736873  0.478027  0.478027  0.742364  0.785398  0.707107  0.707107
10  11  1  0  0  0  0  1  0

11  0  1  0  0  0  0  1  0
11  1  1  0  0  0  0  1  0
11  2  1  0  0  0  0  1  0
11  3  1  0  0  0  0  1  0
11  4  1  0  0  0  0  1  0
11  5  1  0  0  0  0  1  0
11  6  1  0  0  0  0  1  0
11  7  1  0  0  0  0  1  0
11  8  1  0  0  0  0  1  0
11  9  1  0  0  0  0  1  0
11  10  1  0  0  0  0  1  0
11  11  1  0  0  0  0  1  0

#Skyrmion number = -2.05964

#Net Magnetization:
Magnetization_x = -2.38698e-15;  Magnetization_y = -5.55112e-17;  Magnetization_z = 101.203
