#ix   iy   Sz   Sx   Sy   Theta[ix][iy]     Phi[ix][iy]
0  0  1  0  0  0  0  1  0
0  1  1  0  0  0  0  1  0
0  2  1  0  0  0  0  1  0
0  3  1  0  0  0  0  1  0
0  4  1  0  0  0  0  1  0
0  5  1  0  0  0  0  1  0
0  6  1  0  0  0  0  1  0
0  7  1  0  0  0  0  1  0
0  8  1  0  0  0  0  1  0
0  9  1  0  0  0  0  1  0
0  10  1  0  0  0  0  1  0
0  11  1  0  0  0  0  1  0
0  12  1  0  0  0  0  1  0
0  13  1  0  0  0  0  1  0
0  14  1  0  0  0  0  1  0
0  15  1  0  0  0  0  1  0
0  16  1  0  0  0  0  1  0
0  17  1  0  0  0  0  1  0
0  18  1  0  0  0  0  1  0
0  19  1  0  0  0  0  1  0
0  20  1  0  0  0  0  1  0

1  0  1  0  0  0  0  1  0
1  1  1  0  0  0  0  1  0
1  2  1  0  0  0  0  1  0
1  3  1  0  0  0  0  1  0
1  4  1  0  0  0  0  1  0
1  5  1  0  0  0  0  1  0
1  6  0.975628  0.20052  0.0891189  0.221233  0.418219  0.913814  0.406134
1  7  0.97051  0.22869  0.0762283  0.243458  0.321744  0.948685  0.316221
1  8  0.966045  0.252221  0.0560469  0.261338  0.218661  0.976189  0.216922
1  9  0.96297  0.267959  0.0297705  0.272985  0.110647  0.993885  0.110422
1  10  0.961871  0.273505  -3.03897e-06  0.277035  -1.11112e-05  1  -1.11112e-05
1  11  0.96297  0.267958  -0.0297764  0.272985  -0.110669  0.993882  -0.110444
1  12  0.966045  0.25222  -0.0560522  0.261338  -0.218682  0.976184  -0.216943
1  13  0.97051  0.228688  -0.0762329  0.243458  -0.321764  0.948679  -0.31624
1  14  0.975628  0.200519  -0.0891226  0.221233  -0.418238  0.913806  -0.406151
1  15  1  0  0  0  0  1  0
1  16  1  0  0  0  0  1  0
1  17  1  0  0  0  0  1  0
1  18  1  0  0  0  0  1  0
1  19  1  0  0  0  0  1  0
1  20  1  0  0  0  0  1  0

2  0  1  0  0  0  0  1  0
2  1  1  0  0  0  0  1  0
2  2  1  0  0  0  0  1  0
2  3  1  0  0  0  0  1  0
2  4  1  0  0  0  0  1  0
2  5  0.969677  0.207242  0.129526  0.24689  0.558596  0.848  0.529996
2  6  0.960731  0.248188  0.124092  0.281172  0.463643  0.894429  0.447209
2  7  0.951469  0.288151  0.108054  0.312822  0.358764  0.936332  0.351117
2  8  0.943176  0.322372  0.08059  0.338734  0.24497  0.970145  0.242527
2  9  0.937356  0.345683  0.0432066  0.355834  0.124344  0.992279  0.124024
2  10  0.935254  0.353978  -4.42478e-06  0.361821  -1.25002e-05  1  -1.25002e-05
2  11  0.937356  0.345682  -0.0432151  0.355834  -0.124369  0.992276  -0.124048
2  12  0.943176  0.32237  -0.0805976  0.338734  -0.244993  0.970139  -0.24255
2  13  0.951469  0.288149  -0.108061  0.312822  -0.358786  0.936324  -0.351138
2  14  0.960731  0.248185  -0.124097  0.281172  -0.463663  0.89442  -0.447227
2  15  0.969677  0.20724  -0.129529  0.24689  -0.558614  0.847991  -0.530011
2  16  1  0  0  0  0  1  0
2  17  1  0  0  0  0  1  0
2  18  1  0  0  0  0  1  0
2  19  1  0  0  0  0  1  0
2  20  1  0  0  0  0  1  0

3  0  1  0  0  0  0  1  0
3  1  1  0  0  0  0  1  0
3  2  1  0  0  0  0  1  0
3  3  0.976268  0.153135  0.153135  0.218295  0.785398  0.707107  0.707107
3  4  0.966045  0.196172  0.168147  0.261338  0.708625  0.759257  0.65079
3  5  0.952945  0.246679  0.176199  0.307991  0.620247  0.813735  0.581236
3  6  0.937356  0.302473  0.17284  0.355834  0.519141  0.868245  0.496135
3  7  0.92062  0.35889  0.153807  0.40113  0.404885  0.919148  0.393913
3  8  0.905155  0.408727  0.116775  0.439052  0.27829  0.961527  0.274712
3  9  0.894043  0.44348  0.0633489  0.464507  0.141885  0.989951  0.141409
3  10  0.889977  0.456005  -6.51445e-06  0.473501  -1.42859e-05  1  -1.42859e-05
3  11  0.894043  0.443479  -0.0633613  0.464507  -0.141913  0.989947  -0.141437
3  12  0.905155  0.408724  -0.116786  0.439052  -0.278317  0.961519  -0.274737
3  13  0.92062  0.358886  -0.153816  0.40113  -0.404909  0.919138  -0.393935
3  14  0.937356  0.302469  -0.172846  0.355834  -0.519163  0.868235  -0.496154
3  15  0.952945  0.246676  -0.176203  0.307991  -0.620266  0.813724  -0.581251
3  16  0.966045  0.196169  -0.16815  0.261338  -0.708642  0.759247  -0.650803
3  17  0.976268  0.153133  -0.153137  0.218295  -0.785412  0.707097  -0.707117
3  18  1  0  0  0  0  1  0
3  19  1  0  0  0  0  1  0
3  20  1  0  0  0  0  1  0

4  0  1  0  0  0  0  1  0
4  1  1  0  0  0  0  1  0
4  2  1  0  0  0  0  1  0
4  3  0.966045  0.168147  0.196172  0.261338  0.862171  0.65079  0.759257
4  4  0.949936  0.220931  0.220931  0.317765  0.785398  0.707107  0.707107
4  5  0.9284  0.285458  0.237881  0.380714  0.694737  0.768222  0.640183
4  6  0.901621  0.359885  0.239921  0.447293  0.587999  0.832052  0.554697
4  7  0.871602  0.438463  0.219228  0.512336  0.463641  0.89443  0.447208
4  8  0.842764  0.510661  0.170215  0.568398  0.321741  0.948686  0.316218
4  9  0.821417  0.562569  0.0937538  0.606905  0.165135  0.986396  0.164386
4  10  0.813479  0.581594  -9.6934e-06  0.620687  -1.66669e-05  1  -1.66669e-05
4  11  0.821417  0.562566  -0.093772  0.606905  -0.165168  0.986391  -0.164418
4  12  0.842764  0.510656  -0.17023  0.568398  -0.321771  0.948677  -0.316247
4  13  0.871602  0.438457  -0.219239  0.512336  -0.463668  0.894418  -0.447231
4  14  0.901621  0.359879  -0.239929  0.447293  -0.588022  0.83204  -0.554716
4  15  0.9284  0.285454  -0.237887  0.380714  -0.694756  0.76821  -0.640198
4  16  0.949936  0.220928  -0.220935  0.317765  -0.785415  0.707095  -0.707119
4  17  0.966045  0.168144  -0.196174  0.261338  -0.862185  0.65078  -0.759267
4  18  1  0  0  0  0  1  0
4  19  1  0  0  0  0  1  0
4  20  1  0  0  0  0  1  0

5  0  1  0  0  0  0  1  0
5  1  1  0  0  0  0  1  0
5  2  0.969677  0.129526  0.207242  0.24689  1.0122  0.529996  0.848
5  3  0.952945  0.176199  0.246679  0.307991  0.95055  0.581236  0.813735
5  4  0.9284  0.237881  0.285458  0.380714  0.87606  0.640183  0.768222
5  5  0.894043  0.316771  0.316771  0.464507  0.785398  0.707107  0.707107
5  6  0.849147  0.412422  0.329936  0.556428  0.674739  0.78087  0.624693
5  7  0.796184  0.518832  0.311295  0.649834  0.540414  0.857496  0.514491
5  8  0.742813  0.621617  0.248639  0.733535  0.380496  0.928481  0.371381
5  9  0.701761  0.69858  0.139705  0.79293  0.19738  0.980584  0.196101
5  10  0.686163  0.727447  -1.45492e-05  0.814595  -2.00004e-05  1  -2.00004e-05
5  11  0.701761  0.698574  -0.139732  0.79293  -0.197419  0.980576  -0.196139
5  12  0.742813  0.621608  -0.248661  0.733535  -0.380531  0.928468  -0.371413
5  13  0.796184  0.518822  -0.31131  0.649834  -0.540443  0.857481  -0.514516
5  14  0.849147  0.412414  -0.329946  0.556428  -0.674763  0.780855  -0.624712
5  15  0.894043  0.316765  -0.316777  0.464507  -0.785418  0.707093  -0.707121
5  16  0.9284  0.237877  -0.285462  0.380714  -0.876076  0.640171  -0.768233
5  17  0.952945  0.176195  -0.246682  0.307991  -0.950563  0.581225  -0.813743
5  18  0.969677  0.129523  -0.207244  0.24689  -1.01221  0.529987  -0.848006
5  19  1  0  0  0  0  1  0
5  20  1  0  0  0  0  1  0

6  0  1  0  0  0  0  1  0
6  1  0.975628  0.0891189  0.20052  0.221233  1.15258  0.406134  0.913814
6  2  0.960731  0.124092  0.248188  0.281172  1.10715  0.447209  0.894429
6  3  0.937356  0.17284  0.302473  0.355834  1.05165  0.496135  0.868245
6  4  0.901621  0.239921  0.359885  0.447293  0.982798  0.554697  0.832052
6  5  0.849147  0.329936  0.412422  0.556428  0.896058  0.624693  0.78087
6  6  0.776751  0.445341  0.445341  0.681305  0.785398  0.707107  0.707107
6  7  0.686163  0.58196  0.436466  0.814595  0.643497  0.800002  0.599997
6  8  0.589344  0.722596  0.361289  0.94055  0.463638  0.894432  0.447205
6  9  0.511056  0.833887  0.208456  1.03438  0.244961  0.970147  0.242519
6  10  0.480419  0.877039  -2.19265e-05  1.06966  -2.50006e-05  1  -2.50006e-05
6  11  0.511056  0.833877  -0.208495  1.03438  -0.245008  0.970135  -0.242564
6  12  0.589344  0.722581  -0.361318  0.94055  -0.463678  0.894414  -0.44724
6  13  0.686163  0.581946  -0.436485  0.814595  -0.643529  0.799983  -0.600022
6  14  0.776751  0.44533  -0.445352  0.681305  -0.785423  0.707089  -0.707124
6  15  0.849147  0.329928  -0.412428  0.556428  -0.896077  0.624678  -0.780883
6  16  0.901621  0.239916  -0.359888  0.447293  -0.982813  0.554684  -0.832061
6  17  0.937356  0.172836  -0.302475  0.355834  -1.05167  0.496124  -0.868252
6  18  0.960731  0.12409  -0.248189  0.281172  -1.10716  0.4472  -0.894434
6  19  0.975628  0.0891172  -0.200521  0.221233  -1.15259  0.406126  -0.913817
6  20  1  0  0  0  0  1  0

7  0  1  0  0  0  0  1  0
7  1  0.97051  0.0762283  0.22869  0.243458  1.24905  0.316221  0.948685
7  2  0.951469  0.108054  0.288151  0.312822  1.21203  0.351117  0.936332
7  3  0.92062  0.153807  0.35889  0.40113  1.16591  0.393913  0.919148
7  4  0.871602  0.219228  0.438463  0.512336  1.10716  0.447208  0.89443
7  5  0.796184  0.311295  0.518832  0.649834  1.03038  0.514491  0.857496
7  6  0.686163  0.436466  0.58196  0.814595  0.927299  0.599997  0.800002
7  7  0.53926  0.595482  0.595482  1.00124  0.785398  0.707107  0.707107
7  8  0.370754  0.772755  0.515161  1.19098  0.587995  0.832055  0.554694
7  9  0.225206  0.924319  0.308086  1.34364  0.321731  0.94869  0.316209
7  10  0.165794  0.98616  -3.28731e-05  1.40423  -3.33344e-05  1  -3.33344e-05
7  11  0.225206  0.9243  -0.308141  1.34364  -0.321791  0.948671  -0.316266
7  12  0.370754  0.772731  -0.515197  1.19098  -0.588041  0.832029  -0.554732
7  13  0.53926  0.595463  -0.595502  1.00124  -0.785431  0.707083  -0.70713
7  14  0.686163  0.436452  -0.58197  0.814595  -0.927323  0.599978  -0.800017
7  15  0.796184  0.311286  -0.518837  0.649834  -1.0304  0.514476  -0.857505
7  16  0.871602  0.219222  -0.438466  0.512336  -1.10717  0.447196  -0.894436
7  17  0.92062  0.153803  -0.358891  0.40113  -1.16592  0.393903  -0.919152
7  18  0.951469  0.108052  -0.288152  0.312822  -1.21204  0.351109  -0.936334
7  19  0.97051  0.0762268  -0.22869  0.243458  -1.24906  0.316215  -0.948688
7  20  1  0  0  0  0  1  0

8  0  1  0  0  0  0  1  0
8  1  0.966045  0.0560469  0.252221  0.261338  1.35214  0.216922  0.976189
8  2  0.943176  0.08059  0.322372  0.338734  1.32583  0.242527  0.970145
8  3  0.905155  0.116775  0.408727  0.439052  1.29251  0.274712  0.961527
8  4  0.842764  0.170215  0.510661  0.568398  1.24906  0.316218  0.948686
8  5  0.742813  0.248639  0.621617  0.733535  1.1903  0.371381  0.928481
8  6  0.589344  0.361289  0.722596  0.94055  1.10716  0.447205  0.894432
8  7  0.370754  0.515161  0.772755  1.19098  0.982801  0.554694  0.832055
8  8  0.0994133  0.703604  0.703604  1.47122  0.785398  0.707107  0.707107
8  9  -0.155997  0.883486  0.441721  1.72743  0.463628  0.894436  0.447196
8  10  -0.267155  0.963653  -4.81851e-05  1.84124  -5.00025e-05  1  -5.00025e-05
8  11  -0.155997  0.883451  -0.441792  1.72743  -0.463708  0.8944  -0.447267
8  12  0.0994133  0.703569  -0.703639  1.47122  -0.785448  0.707071  -0.707142
8  13  0.370754  0.515138  -0.772771  1.19098  -0.982832  0.554668  -0.832072
8  14  0.589344  0.361274  -0.722603  0.94055  -1.10718  0.447187  -0.894441
8  15  0.742813  0.248631  -0.62162  0.733535  -1.19031  0.371368  -0.928486
8  16  0.842764  0.17021  -0.510663  0.568398  -1.24907  0.316209  -0.94869
8  17  0.905155  0.116772  -0.408728  0.439052  -1.29251  0.274705  -0.961529
8  18  0.943176  0.0805882  -0.322373  0.338734  -1.32583  0.242521  -0.970146
8  19  0.966045  0.0560457  -0.252221  0.261338  -1.35214  0.216918  -0.97619
8  20  1  0  0  0  0  1  0

9  0  1  0  0  0  0  1  0
9  1  0.96297  0.0297705  0.267959  0.272985  1.46015  0.110422  0.993885
9  2  0.937356  0.0432066  0.345683  0.355834  1.44645  0.124024  0.992279
9  3  0.894043  0.0633489  0.44348  0.464507  1.42891  0.141409  0.989951
9  4  0.821417  0.0937538  0.562569  0.606905  1.40566  0.164386  0.986396
9  5  0.701761  0.139705  0.69858  0.79293  1.37342  0.196101  0.980584
9  6  0.511056  0.208456  0.833887  1.03438  1.32584  0.242519  0.970147
9  7  0.225206  0.308086  0.924319  1.34364  1.24907  0.316209  0.94869
9  8  -0.155997  0.441721  0.883486  1.72743  1.10717  0.447196  0.894436
9  9  -0.552259  0.589496  0.589496  2.15587  0.785398  0.707107  0.707107
9  10  -0.743386  0.668863  -6.68929e-05  2.40891  -0.00010001  1  -0.00010001
9  11  -0.552259  0.589437  -0.589555  2.15587  -0.785498  0.707036  -0.707177
9  12  -0.155997  0.441686  -0.883504  1.72743  -1.10721  0.44716  -0.894454
9  13  0.225206  0.308067  -0.924325  1.34364  -1.24909  0.31619  -0.948696
9  14  0.511056  0.208446  -0.83389  1.03438  -1.32585  0.242507  -0.97015
9  15  0.701761  0.139699  -0.698581  0.79293  -1.37342  0.196094  -0.980585
9  16  0.821417  0.0937507  -0.56257  0.606905  -1.40567  0.16438  -0.986397
9  17  0.894043  0.0633471  -0.443481  0.464507  -1.42892  0.141406  -0.989952
9  18  0.937356  0.0432055  -0.345683  0.355834  -1.44646  0.124021  -0.99228
9  19  0.96297  0.0297699  -0.267959  0.272985  -1.46015  0.110419  -0.993885
9  20  1  0  0  0  0  1  0

10  0  1  0  0  0  0  1  0
10  1  0.961871  3.03897e-06  -0.273505  0.277035  -1.57079  1.11112e-05  -1
10  2  0.935254  4.42478e-06  -0.353978  0.361821  -1.57078  1.25002e-05  -1
10  3  0.889977  6.51445e-06  -0.456005  0.473501  -1.57078  1.42859e-05  -1
10  4  0.813479  9.6934e-06  -0.581594  0.620687  -1.57078  1.66669e-05  -1
10  5  0.686163  1.45492e-05  -0.727447  0.814595  -1.57078  2.00004e-05  -1
10  6  0.480419  2.19265e-05  -0.877039  1.06966  -1.57077  2.50006e-05  -1
10  7  0.165794  3.28731e-05  -0.98616  1.40423  -1.57076  3.33344e-05  -1
10  8  -0.267155  4.81851e-05  -0.963653  1.84124  -1.57075  5.00025e-05  -1
10  9  -0.743386  6.68929e-05  -0.668863  2.40891  -1.5707  0.00010001  -1
10  10  -1  8.65956e-17  8.65956e-17  3.14159  0.785398  0.707107  0.707107
10  11  -0.743386  6.68796e-05  0.668863  2.40891  1.5707  9.999e-05  1
10  12  -0.267155  4.81803e-05  0.963653  1.84124  1.57075  4.99975e-05  1
10  13  0.165794  3.28709e-05  0.98616  1.40423  1.57076  3.33322e-05  1
10  14  0.480419  2.19254e-05  0.877039  1.06966  1.57077  2.49994e-05  1
10  15  0.686163  1.45487e-05  0.727447  0.814595  1.57078  1.99996e-05  1
10  16  0.813479  9.69308e-06  0.581594  0.620687  1.57078  1.66664e-05  1
10  17  0.889977  6.51426e-06  0.456005  0.473501  1.57078  1.42855e-05  1
10  18  0.935254  4.42467e-06  0.353978  0.361821  1.57078  1.24998e-05  1
10  19  0.961871  3.03891e-06  0.273505  0.277035  1.57079  1.1111e-05  1
10  20  1  0  0  0  0  1  0

11  0  1  0  0  0  0  1  0
11  1  0.96297  0.0297764  -0.267958  0.272985  -1.46013  0.110444  -0.993882
11  2  0.937356  0.0432151  -0.345682  0.355834  -1.44643  0.124048  -0.992276
11  3  0.894043  0.0633613  -0.443479  0.464507  -1.42888  0.141437  -0.989947
11  4  0.821417  0.093772  -0.562566  0.606905  -1.40563  0.164418  -0.986391
11  5  0.701761  0.139732  -0.698574  0.79293  -1.37338  0.196139  -0.980576
11  6  0.511056  0.208495  -0.833877  1.03438  -1.32579  0.242564  -0.970135
11  7  0.225206  0.308141  -0.9243  1.34364  -1.24901  0.316266  -0.948671
11  8  -0.155997  0.441792  -0.883451  1.72743  -1.10709  0.447267  -0.8944
11  9  -0.552259  0.589555  -0.589437  2.15587  -0.785298  0.707177  -0.707036
11  10  -0.743386  0.668863  6.68796e-05  2.40891  9.999e-05  1  9.999e-05
11  11  -0.552259  0.589496  0.589496  2.15587  0.785398  0.707107  0.707107
11  12  -0.155997  0.441756  0.883468  1.72743  1.10713  0.447231  0.894418
11  13  0.225206  0.308123  0.924306  1.34364  1.24903  0.316247  0.948677
11  14  0.511056  0.208486  0.83388  1.03438  1.3258  0.242553  0.970138
11  15  0.701761  0.139726  0.698576  0.79293  1.37339  0.196131  0.980578
11  16  0.821417  0.093769  0.562567  0.606905  1.40563  0.164412  0.986392
11  17  0.894043  0.0633595  0.443479  0.464507  1.42889  0.141433  0.989948
11  18  0.937356  0.043214  0.345682  0.355834  1.44643  0.124045  0.992277
11  19  0.96297  0.0297758  0.267958  0.272985  1.46013  0.110441  0.993883
11  20  1  0  0  0  0  1  0

12  0  1  0  0  0  0  1  0
12  1  0.966045  0.0560522  -0.25222  0.261338  -1.35211  0.216943  -0.976184
12  2  0.943176  0.0805976  -0.32237  0.338734  -1.3258  0.24255  -0.970139
12  3  0.905155  0.116786  -0.408724  0.439052  -1.29248  0.274737  -0.961519
12  4  0.842764  0.17023  -0.510656  0.568398  -1.24903  0.316247  -0.948677
12  5  0.742813  0.248661  -0.621608  0.733535  -1.19027  0.371413  -0.928468
12  6  0.589344  0.361318  -0.722581  0.94055  -1.10712  0.44724  -0.894414
12  7  0.370754  0.515197  -0.772731  1.19098  -0.982755  0.554732  -0.832029
12  8  0.0994133  0.703639  -0.703569  1.47122  -0.785348  0.707142  -0.707071
12  9  -0.155997  0.883504  -0.441686  1.72743  -0.463588  0.894454  -0.44716
12  10  -0.267155  0.963653  4.81803e-05  1.84124  4.99975e-05  1  4.99975e-05
12  11  -0.155997  0.883468  0.441756  1.72743  0.463668  0.894418  0.447231
12  12  0.0994133  0.703604  0.703604  1.47122  0.785398  0.707107  0.707107
12  13  0.370754  0.515173  0.772747  1.19098  0.982786  0.554707  0.832046
12  14  0.589344  0.361303  0.722588  0.94055  1.10714  0.447223  0.894423
12  15  0.742813  0.248652  0.621612  0.733535  1.19028  0.3714  0.928473
12  16  0.842764  0.170225  0.510658  0.568398  1.24904  0.316237  0.94868
12  17  0.905155  0.116783  0.408725  0.439052  1.29249  0.27473  0.961521
12  18  0.943176  0.0805957  0.322371  0.338734  1.32581  0.242544  0.97014
12  19  0.966045  0.056051  0.25222  0.261338  1.35212  0.216938  0.976185
12  20  1  0  0  0  0  1  0

13  0  1  0  0  0  0  1  0
13  1  0.97051  0.0762329  -0.228688  0.243458  -1.24903  0.31624  -0.948679
13  2  0.951469  0.108061  -0.288149  0.312822  -1.21201  0.351138  -0.936324
13  3  0.92062  0.153816  -0.358886  0.40113  -1.16589  0.393935  -0.919138
13  4  0.871602  0.219239  -0.438457  0.512336  -1.10713  0.447231  -0.894418
13  5  0.796184  0.31131  -0.518822  0.649834  -1.03035  0.514516  -0.857481
13  6  0.686163  0.436485  -0.581946  0.814595  -0.927267  0.600022  -0.799983
13  7  0.53926  0.595502  -0.595463  1.00124  -0.785365  0.70713  -0.707083
13  8  0.370754  0.772771  -0.515138  1.19098  -0.587964  0.832072  -0.554668
13  9  0.225206  0.924325  -0.308067  1.34364  -0.321711  0.948696  -0.31619
13  10  0.165794  0.98616  3.28709e-05  1.40423  3.33322e-05  1  3.33322e-05
13  11  0.225206  0.924306  0.308123  1.34364  0.321771  0.948677  0.316247
13  12  0.370754  0.772747  0.515173  1.19098  0.58801  0.832046  0.554707
13  13  0.53926  0.595482  0.595482  1.00124  0.785398  0.707107  0.707107
13  14  0.686163  0.436471  0.581956  0.814595  0.927291  0.600003  0.799998
13  15  0.796184  0.311301  0.518828  0.649834  1.03037  0.514501  0.85749
13  16  0.871602  0.219234  0.43846  0.512336  1.10714  0.44722  0.894424
13  17  0.92062  0.153812  0.358888  0.40113  1.1659  0.393926  0.919142
13  18  0.951469  0.108058  0.28815  0.312822  1.21202  0.35113  0.936327
13  19  0.97051  0.0762314  0.228689  0.243458  1.24904  0.316234  0.948681
13  20  1  0  0  0  0  1  0

14  0  1  0  0  0  0  1  0
14  1  0.975628  0.0891226  -0.200519  0.221233  -1.15256  0.406151  -0.913806
14  2  0.960731  0.124097  -0.248185  0.281172  -1.10713  0.447227  -0.89442
14  3  0.937356  0.172846  -0.302469  0.355834  -1.05163  0.496154  -0.868235
14  4  0.901621  0.239929  -0.359879  0.447293  -0.982774  0.554716  -0.83204
14  5  0.849147  0.329946  -0.412414  0.556428  -0.896033  0.624712  -0.780855
14  6  0.776751  0.445352  -0.44533  0.681305  -0.785373  0.707124  -0.707089
14  7  0.686163  0.58197  -0.436452  0.814595  -0.643473  0.800017  -0.599978
14  8  0.589344  0.722603  -0.361274  0.94055  -0.463618  0.894441  -0.447187
14  9  0.511056  0.83389  -0.208446  1.03438  -0.244949  0.97015  -0.242507
14  10  0.480419  0.877039  2.19254e-05  1.06966  2.49994e-05  1  2.49994e-05
14  11  0.511056  0.83388  0.208486  1.03438  0.244996  0.970138  0.242553
14  12  0.589344  0.722588  0.361303  0.94055  0.463658  0.894423  0.447223
14  13  0.686163  0.581956  0.436471  0.814595  0.643505  0.799998  0.600003
14  14  0.776751  0.445341  0.445341  0.681305  0.785398  0.707107  0.707107
14  15  0.849147  0.329938  0.41242  0.556428  0.896053  0.624697  0.780867
14  16  0.901621  0.239924  0.359883  0.447293  0.98279  0.554703  0.832048
14  17  0.937356  0.172843  0.302471  0.355834  1.05165  0.496143  0.868241
14  18  0.960731  0.124095  0.248187  0.281172  1.10714  0.447218  0.894425
14  19  0.975628  0.089121  0.200519  0.221233  1.15257  0.406143  0.913809
14  20  1  0  0  0  0  1  0

15  0  1  0  0  0  0  1  0
15  1  1  0  0  0  0  1  0
15  2  0.969677  0.129529  -0.20724  0.24689  -1.01218  0.530011  -0.847991
15  3  0.952945  0.176203  -0.246676  0.307991  -0.950531  0.581251  -0.813724
15  4  0.9284  0.237887  -0.285454  0.380714  -0.87604  0.640198  -0.76821
15  5  0.894043  0.316777  -0.316765  0.464507  -0.785378  0.707121  -0.707093
15  6  0.849147  0.412428  -0.329928  0.556428  -0.674719  0.780883  -0.624678
15  7  0.796184  0.518837  -0.311286  0.649834  -0.540396  0.857505  -0.514476
15  8  0.742813  0.62162  -0.248631  0.733535  -0.380482  0.928486  -0.371368
15  9  0.701761  0.698581  -0.139699  0.79293  -0.197372  0.980585  -0.196094
15  10  0.686163  0.727447  1.45487e-05  0.814595  1.99996e-05  1  1.99996e-05
15  11  0.701761  0.698576  0.139726  0.79293  0.197411  0.980578  0.196131
15  12  0.742813  0.621612  0.248652  0.733535  0.380517  0.928473  0.3714
15  13  0.796184  0.518828  0.311301  0.649834  0.540425  0.85749  0.514501
15  14  0.849147  0.41242  0.329938  0.556428  0.674743  0.780867  0.624697
15  15  0.894043  0.316771  0.316771  0.464507  0.785398  0.707107  0.707107
15  16  0.9284  0.237882  0.285458  0.380714  0.876056  0.640186  0.76822
15  17  0.952945  0.1762  0.246678  0.307991  0.950544  0.58124  0.813732
15  18  0.969677  0.129527  0.207242  0.24689  1.01219  0.530002  0.847997
15  19  1  0  0  0  0  1  0
15  20  1  0  0  0  0  1  0

16  0  1  0  0  0  0  1  0
16  1  1  0  0  0  0  1  0
16  2  1  0  0  0  0  1  0
16  3  0.966045  0.16815  -0.196169  0.261338  -0.862155  0.650803  -0.759247
16  4  0.949936  0.220935  -0.220928  0.317765  -0.785381  0.707119  -0.707095
16  5  0.9284  0.285462  -0.237877  0.380714  -0.69472  0.768233  -0.640171
16  6  0.901621  0.359888  -0.239916  0.447293  -0.587983  0.832061  -0.554684
16  7  0.871602  0.438466  -0.219222  0.512336  -0.463628  0.894436  -0.447196
16  8  0.842764  0.510663  -0.17021  0.568398  -0.321731  0.94869  -0.316209
16  9  0.821417  0.56257  -0.0937507  0.606905  -0.16513  0.986397  -0.16438
16  10  0.813479  0.581594  9.69308e-06  0.620687  1.66664e-05  1  1.66664e-05
16  11  0.821417  0.562567  0.093769  0.606905  0.165162  0.986392  0.164412
16  12  0.842764  0.510658  0.170225  0.568398  0.321761  0.94868  0.316237
16  13  0.871602  0.43846  0.219234  0.512336  0.463654  0.894424  0.44722
16  14  0.901621  0.359883  0.239924  0.447293  0.588006  0.832048  0.554703
16  15  0.9284  0.285458  0.237882  0.380714  0.69474  0.76822  0.640186
16  16  0.949936  0.220931  0.220931  0.317765  0.785398  0.707107  0.707107
16  17  0.966045  0.168147  0.196171  0.261338  0.862169  0.650792  0.759256
16  18  1  0  0  0  0  1  0
16  19  1  0  0  0  0  1  0
16  20  1  0  0  0  0  1  0

17  0  1  0  0  0  0  1  0
17  1  1  0  0  0  0  1  0
17  2  1  0  0  0  0  1  0
17  3  0.976268  0.153137  -0.153133  0.218295  -0.785384  0.707117  -0.707097
17  4  0.966045  0.196174  -0.168144  0.261338  -0.708611  0.759267  -0.65078
17  5  0.952945  0.246682  -0.176195  0.307991  -0.620233  0.813743  -0.581225
17  6  0.937356  0.302475  -0.172836  0.355834  -0.519129  0.868252  -0.496124
17  7  0.92062  0.358891  -0.153803  0.40113  -0.404875  0.919152  -0.393903
17  8  0.905155  0.408728  -0.116772  0.439052  -0.278283  0.961529  -0.274705
17  9  0.894043  0.443481  -0.0633471  0.464507  -0.141881  0.989952  -0.141406
17  10  0.889977  0.456005  6.51426e-06  0.473501  1.42855e-05  1  1.42855e-05
17  11  0.894043  0.443479  0.0633595  0.464507  0.141909  0.989948  0.141433
17  12  0.905155  0.408725  0.116783  0.439052  0.278309  0.961521  0.27473
17  13  0.92062  0.358888  0.153812  0.40113  0.404899  0.919142  0.393926
17  14  0.937356  0.302471  0.172843  0.355834  0.519151  0.868241  0.496143
17  15  0.952945  0.246678  0.1762  0.307991  0.620252  0.813732  0.58124
17  16  0.966045  0.196171  0.168147  0.261338  0.708627  0.759256  0.650792
17  17  0.976268  0.153135  0.153135  0.218295  0.785398  0.707107  0.707107
17  18  1  0  0  0  0  1  0
17  19  1  0  0  0  0  1  0
17  20  1  0  0  0  0  1  0

18  0  1  0  0  0  0  1  0
18  1  1  0  0  0  0  1  0
18  2  1  0  0  0  0  1  0
18  3  1  0  0  0  0  1  0
18  4  1  0  0  0  0  1  0
18  5  0.969677  0.207244  -0.129523  0.24689  -0.558585  0.848006  -0.529987
18  6  0.960731  0.248189  -0.12409  0.281172  -0.463633  0.894434  -0.4472
18  7  0.951469  0.288152  -0.108052  0.312822  -0.358756  0.936334  -0.351109
18  8  0.943176  0.322373  -0.0805882  0.338734  -0.244964  0.970146  -0.242521
18  9  0.937356  0.345683  -0.0432055  0.355834  -0.124341  0.99228  -0.124021
18  10  0.935254  0.353978  4.42467e-06  0.361821  1.24998e-05  1  1.24998e-05
18  11  0.937356  0.345682  0.043214  0.355834  0.124366  0.992277  0.124045
18  12  0.943176  0.322371  0.0805957  0.338734  0.244987  0.97014  0.242544
18  13  0.951469  0.28815  0.108058  0.312822  0.358778  0.936327  0.35113
18  14  0.960731  0.248187  0.124095  0.281172  0.463653  0.894425  0.447218
18  15  0.969677  0.207242  0.129527  0.24689  0.558603  0.847997  0.530002
18  16  1  0  0  0  0  1  0
18  17  1  0  0  0  0  1  0
18  18  1  0  0  0  0  1  0
18  19  1  0  0  0  0  1  0
18  20  1  0  0  0  0  1  0

19  0  1  0  0  0  0  1  0
19  1  1  0  0  0  0  1  0
19  2  1  0  0  0  0  1  0
19  3  1  0  0  0  0  1  0
19  4  1  0  0  0  0  1  0
19  5  1  0  0  0  0  1  0
19  6  0.975628  0.200521  -0.0891172  0.221233  -0.418211  0.913817  -0.406126
19  7  0.97051  0.22869  -0.0762268  0.243458  -0.321737  0.948688  -0.316215
19  8  0.966045  0.252221  -0.0560457  0.261338  -0.218656  0.97619  -0.216918
19  9  0.96297  0.267959  -0.0297699  0.272985  -0.110645  0.993885  -0.110419
19  10  0.961871  0.273505  3.03891e-06  0.277035  1.1111e-05  1  1.1111e-05
19  11  0.96297  0.267958  0.0297758  0.272985  0.110667  0.993883  0.110441
19  12  0.966045  0.25222  0.056051  0.261338  0.218677  0.976185  0.216938
19  13  0.97051  0.228689  0.0762314  0.243458  0.321757  0.948681  0.316234
19  14  0.975628  0.200519  0.089121  0.221233  0.418229  0.913809  0.406143
19  15  1  0  0  0  0  1  0
19  16  1  0  0  0  0  1  0
19  17  1  0  0  0  0  1  0
19  18  1  0  0  0  0  1  0
19  19  1  0  0  0  0  1  0
19  20  1  0  0  0  0  1  0

20  0  1  0  0  0  0  1  0
20  1  1  0  0  0  0  1  0
20  2  1  0  0  0  0  1  0
20  3  1  0  0  0  0  1  0
20  4  1  0  0  0  0  1  0
20  5  1  0  0  0  0  1  0
20  6  1  0  0  0  0  1  0
20  7  1  0  0  0  0  1  0
20  8  1  0  0  0  0  1  0
20  9  1  0  0  0  0  1  0
20  10  1  0  0  0  0  1  0
20  11  1  0  0  0  0  1  0
20  12  1  0  0  0  0  1  0
20  13  1  0  0  0  0  1  0
20  14  1  0  0  0  0  1  0
20  15  1  0  0  0  0  1  0
20  16  1  0  0  0  0  1  0
20  17  1  0  0  0  0  1  0
20  18  1  0  0  0  0  1  0
20  19  1  0  0  0  0  1  0
20  20  1  0  0  0  0  1  0

